form	lemma	POS	morph
༄༅། །		PUNCT
ཀྱེ་	ཀྱེ་	INTJ
འི་	གི་	PART
རྡོ་རྗེ་	རྡོ་རྗེ་	NOUN
ཞེ་	ཅེས་	PART
བྱ་བ་	བྱ་བ་	VERB
འི་	གི་	PART
རྒྱུད་	རྒྱུད་	NOUN
ཀྱི་	གི་	PART
རྒྱལ་པོ་	རྒྱལ་པོ་	NOUN
བཞུགས་	བཞུགས་	VERB
སོ་	སོ་	PART
"།

། ༄༅། །"		PUNCT
རྒྱ་གར་	རྒྱ་གར་	PROPN
སྐད་	སྐད་	NOUN
དུ་	ལ་	PART
།		PUNCT
ཧེ་	ཧེ་	INTJ
བཛྲ་	བཛྲ་	NO_POS
ཏནྟྲ་		NON_WORD
རཱ་	རཱ་	NO_POS
ཛ་	ཛ་	OTHER
ནཱ་མ་	ནཱ་མ་	NO_POS
།		PUNCT
བོད་སྐད་	བོད་སྐད་	PROPN
དུ་	ལ་	PART
།		PUNCT
ཀྱེ་	ཀྱེ་	INTJ
འི་	གི་	PART
རྡོ་རྗེ་	རྡོ་རྗེ་	NOUN
ཞེ་	ཅེས་	PART
བྱ་བ་	བྱ་བ་	VERB
འི་	གི་	PART
རྒྱུད་	རྒྱུད་	NOUN
ཀྱི་	གི་	PART
རྒྱལ་པོ་	རྒྱལ་པོ་	NOUN
།		PUNCT
ཀྱེ་	ཀྱེ་	INTJ
འི་	གི་	PART
རྡོ་རྗེ་	རྡོ་རྗེ་	NOUN
ལ་	ལ་	ADP
ཕྱག་	ཕྱག་	NOUN
འཚལ་	འཚལ་	VERB
ལོ་	ལོ་	NOUN
། །		PUNCT
ཨེ་ཝཾ་	ཨེ་ཝཾ་	X
།		PUNCT
འདི་སྐད་	འདི་སྐད་	NO_POS
མ་	མ་	PART
ཡ་	ཡ་	NOUN
།		PUNCT
བདག་	བདག་	PRON
གིས་	གིས་	PART
སྲུ་	སྲུ་	NO_POS
ཏཾ་		NON_WORD
།		PUNCT
ཐོས་པ་	ཐོས་པ་	VERB
འི་	གི་	PART
ཨེ་	ཨེ་	PART
ཀ་	ཀ་	DET
སྨིན་	སྨིན་	VERB
ས་	ས་	ADP
མ་	མ་	PART
ཡེ་	ཡེ་	ADV
།		PUNCT
དུས་	དུས་	NOUN
གཅིག་	གཅིག་	NUM
ན་	ན་	ADP
།		PUNCT
བྷ་	བྷ་	NO_POS
ག་	ག་	PRON
ཝན་		NON_WORD
།		PUNCT
བཅོམ་ལྡན་འདས་	བཅོམ་ལྡན་འདས་	NOUN
སརྦ་	སརྦ་	NO_POS
ཏ་	ཏ་	OTHER
ཐཱ་		NON_WORD
ག་	ག་	PRON
ཏ་	ཏ་	OTHER
།		PUNCT
དེ་བཞིན་	དེ་བཞིན་	OTHER
གཤེགས་པ་	གཤེགས་པ་	VERB
ཐམས་ཅད་	ཐམས་ཅད་	DET
ཀྱི་	གི་	PART
ཀཱ་	ཀཱ་	NO_POS
ཡ་	ཡ་	NOUN
།		PUNCT
སྐུ་	སྐུ་	NOUN
དང་	དང་	NO_POS
ཝ་	ཝ་	OTHER
ཀ་	ཀ་	DET
གསུང་	གསུང་	VERB
དང་	དང་	NO_POS
ཙིཏྟ་		NON_WORD
།		PUNCT
ཐུགས་	ཐུགས་	NOUN
ཀྱི་	གི་	PART
ཧྲི་		NON_WORD
ད་	ད་	ADV
ཡ་	ཡ་	NOUN
།		PUNCT
སྙིང་པོ་	སྙིང་པོ་	NOUN
བཛྲ་	བཛྲ་	NO_POS
ཡོ་	ཡོ་	OTHER
ཤོཏ་		NON_WORD
བྷ་	བྷ་	NO_POS
གེ་	གེ་	NO_POS
ཤུ་	ཤུ་	NO_POS
རྡོ་རྗེ་	རྡོ་རྗེ་	NOUN
བཙུན་མོ་	བཙུན་མོ་	NOUN
འི་	གི་	PART
བྷ་	བྷ་	NO_POS
ག་ལ་	ག་ལ་	NO_POS
བི་	བི་	NO_POS
ཛ་	ཛ་	OTHER
ཧ་	ཧ་	NOUN
ར་	ར་	ADP
བཞུགས་	བཞུགས་	VERB
སོ་	སོ་	PART
། །༈		PUNCT
རྡོ་རྗེ་	རྡོ་རྗེ་	NOUN
སྙིང་པོ་	སྙིང་པོ་	NOUN
ས་	གིས་	PART
བཅོམ་ལྡན་འདས་	བཅོམ་ལྡན་འདས་	NOUN
ལ་	ལ་	ADP
ཡེ་ཤེས་	ཡེ་ཤེས་	NOUN
ཀྱི་	གི་	PART
དབང་པོ་	དབང་པོ་	NOUN
ཞེ་	ཅེས་	PART
བོ་	བོ་	VERB
ན་	ནས་	PART
དེ་བཞིན་	དེ་བཞིན་	OTHER
གཤེགས་པ་	གཤེགས་པ་	VERB
ཐམས་ཅད་	ཐམས་ཅད་	DET
ཀྱི་	གི་	PART
སྐུ་	སྐུ་	NOUN
དང་	དང་	NO_POS
གསུང་	གསུང་	VERB
དང་	དང་	NO_POS
ཐུགས་	ཐུགས་	NOUN
ཀྱི་	གི་	PART
སྙིང་པོ་	སྙིང་པོ་	NOUN
རྗེ་བཙུན་	རྗེ་བཙུན་	NOUN
གསང་བ་	གསང་བ་	VERB
ལ་	ལ་	ADP
ས་	གིས་	PART
ཆེ་	ཆེ་	VERB
ཤིན་ཏུ་	ཤིན་ཏུ་	NO_POS
གསང་བ་	གསང་བ་	VERB
འང་	ཀྱང་	PART
ཉན་པ་	ཉན་པ་	VERB
ར་	ལ་	PART
འཚལ་	འཚལ་	VERB
ན་	ན་	ADP
།		PUNCT
དེ་བཞིན་	དེ་བཞིན་	OTHER
གཤེགས་པ་	གཤེགས་པ་	VERB
ཐམས་ཅད་	ཐམས་ཅད་	DET
ཀྱི་	གི་	PART
སྐུ་	སྐུ་	NOUN
ནི་	ནི་	NO_POS
གང་	གང་	NO_POS
༑		PUNCT
གསུང་	གསུང་	VERB
ནི་	ནི་	NO_POS
གང་	གང་	NO_POS
།		PUNCT
ཐུགས་	ཐུགས་	NOUN
ནི་	ནི་	NO_POS
གང་	གང་	NO_POS
།		PUNCT
སྙིང་པོ་	སྙིང་པོ་	NOUN
རྗེ་བཙུན་	རྗེ་བཙུན་	NOUN
གསང་བ་	གསང་བ་	VERB
ལ་	ལ་	ADP
ས་	གིས་	PART
ཆེ་	ཆེ་	VERB
གསང་བ་	གསང་བ་	VERB
འང་	ཀྱང་	PART
གང་	གང་	NO_POS
ལགས་	ལགས་	AUX
།		PUNCT
བཅོམ་ལྡན་འདས་	བཅོམ་ལྡན་འདས་	NOUN
ཀྱིས་	གིས་	PART
བཤད་	བཤད་	VERB
དུ་	ལ་	PART
གསོལ་	གསོལ་	VERB
ཞེ་	ཅེས་	PART
ཐོག་མ་	ཐོག་མ་	NOUN
ར་	ལ་	PART
འབྲས་བུ་	འབྲས་བུ་	NOUN
འི་	གི་	PART
རྒྱུད་	རྒྱུད་	NOUN
ཞུས་པ་	ཞུས་པ་	VERB
འི་	གི་	PART
ལན་	ལན་	NOUN
དུ་	ལ་	PART
།		PUNCT
དེ་ནས་	དེ་ནས་	NO_POS
བཅོམ་ལྡན་འདས་	བཅོམ་ལྡན་འདས་	NOUN
ཀྱིས་	གིས་	PART
བཀའ་	བཀའ་	NOUN
སྩལ་པ་	སྩལ་པ་	VERB
། ༈		PUNCT
ཨེ་མ་ཧོ་	ཨེ་མ་ཧོ་	INTJ
ཞེ་	ཅེས་	PART
ངོ་མཚར་བ་	ངོ་མཚར་བ་	ADJ
འི་	གི་	PART
ཚིག་	ཚིག་	NOUN
གསུངས་	གསུངས་	VERB
ན་	ནས་	PART
བྱང་ཆུབ་	བྱང་ཆུབ་	NOUN
སེམས་དཔའ་	སེམས་དཔའ་	NOUN
ཆེན་པོ་	ཆེན་པོ་	ADJ
ཞེ་	ཅེས་	PART
ཐུན་མོང་	ཐུན་མོང་	ADJ
གི་	གི་	PART
མིང་	མིང་	NOUN
དང་	དང་	NO_POS
རྡོ་རྗེ་	རྡོ་རྗེ་	NOUN
སྙིང་པོ་	སྙིང་པོ་	NOUN
ཞེ་	ཅེས་	PART
རང་	རང་	PRON
གི་	གི་	PART
མིང་	མིང་	NOUN
དང་	དང་	NO_POS
སྙིང་རྗེ་	སྙིང་རྗེ་	NOUN
ཆེན་པོ་	ཆེན་པོ་	ADJ
ཞེ་	ཅེས་	PART
ཡོན་ཏན་	ཡོན་ཏན་	NOUN
གྱི་	གི་	PART
མིང་	མིང་	NOUN
ན་	ནས་	PART
བོ་	བོ་	VERB
ན་	ནས་	PART
།		PUNCT
རྒྱུད་	རྒྱུད་	NOUN
འདི་	འདི་	DET
ས་	གིས་	PART
འདུལ་བ་	འདུལ་བ་	VERB
འི་	གི་	PART
སེམས་ཅན་	སེམས་ཅན་	NOUN
གྱི་	གི་	PART
དོན་	དོན་	NOUN
དུ་	ལ་	PART
འབྲས་བུ་	འབྲས་བུ་	NOUN
འི་	གི་	PART
རྒྱུད་	རྒྱུད་	NOUN
ཞུ་བ་	ཞུ་བ་	VERB
ལེགས་	ལེགས་	VERB
སོ་	སོ་	PART
ལེགས་	ལེགས་	VERB
སོ་	སོ་	PART
ཞེ་	ཅེས་	PART
གཏང་རག་	གཏང་རག་	NOUN
བྱིན་	བྱིན་	VERB
ན་	ནས་	PART
།		PUNCT
དེ་བཞིན་	དེ་བཞིན་	OTHER
གཤེགས་པ་	གཤེགས་པ་	VERB
ཐམས་ཅད་	ཐམས་ཅད་	DET
ཀྱི་	གི་	PART
སྐུ་རྡོ་རྗེ་	སྐུ་རྡོ་རྗེ་	NO_POS
སེམས་དཔའ་	སེམས་དཔའ་	NOUN
དང་	དང་	NO_POS
གསུང་	གསུང་	VERB
སེམས་དཔའ་	སེམས་དཔའ་	NOUN
ཆེན་པོ་	ཆེན་པོ་	ADJ
དང་	དང་	NO_POS
།		PUNCT
ཐུགས་དམ་	ཐུགས་དམ་	NOUN
ཚིག་	ཚིག་	NOUN
སེམས་དཔའ་	སེམས་དཔའ་	NOUN
ཆེན་པོ་	ཆེན་པོ་	ADJ
དང་	དང་	NO_POS
སྙིང་པོ་	སྙིང་པོ་	NOUN
རྗེ་བཙུན་	རྗེ་བཙུན་	NOUN
གསང་བ་	གསང་བ་	VERB
ལ་	ལ་	ADP
ས་	གིས་	PART
ཆེ་	ཆེ་	VERB
ཤིན་ཏུ་	ཤིན་ཏུ་	NO_POS
གསང་བ་	གསང་བ་	VERB
སྙིང་པོ་	སྙིང་པོ་	NOUN
ཀྱེ་	ཀྱེ་	INTJ
འི་	གི་	PART
རྡོ་རྗེ་	རྡོ་རྗེ་	NOUN
ཞེ་	ཅེས་	PART
བྱ་བ་	བྱ་བ་	VERB
རུ་	ལ་	PART
ཉོན་	ཉོན་	VERB
ཅིག་	ཅིག་	PART
ཅེས་	ཅེས་	PART
མཉན་པ་	མཉན་པ་	VERB
ར་	ལ་	PART
གདམས་	གདམས་	NOUN
ན་	ནས་	PART
། ༈ །		PUNCT
སོ་སོ་	སོ་སོ་	PRON
འི་	གི་	PART
མཚན་ཉིད་	མཚན་ཉིད་	NOUN
ཀྱི་	གི་	PART
ངེས་ཚིག་	ངེས་ཚིག་	NOUN
ལ་	ལ་	ADP
ཞུས་པ་	ཞུས་པ་	VERB
ནི་	ནི་	NO_POS
རྡོ་རྗེ་	རྡོ་རྗེ་	NOUN
སྙིང་པོ་	སྙིང་པོ་	NOUN
ས་	གིས་	PART
གསོལ་བ་	གསོལ་བ་	VERB
།		PUNCT
གང་	གང་	NO_POS
གི་	གི་	PART
ཕྱི་	ཕྱི་	OTHER
སྐུ་	སྐུ་	NOUN
ལ་	ལ་	ADP
རྡོ་རྗེ་	རྡོ་རྗེ་	NOUN
སེམས་དཔའ་	སེམས་དཔའ་	NOUN
ཞེ་	ཅེས་	PART
བརྗོད་པ་	བརྗོད་པ་	VERB
ལགས་	ལགས་	AUX
༑		PUNCT
རྒྱུ་མཚན་	རྒྱུ་མཚན་	NOUN
ཇི་ལྟ་		
གསུང་	གསུང་	VERB
ལ་	ལ་	ADP
སེམས་དཔའ་	སེམས་དཔའ་	NOUN
ཆེན་པོ་	ཆེན་པོ་	ADJ
ཞེ་	ཅེས་	PART
བརྗོད་པ་	བརྗོད་པ་	VERB
ལགས་	ལགས་	AUX
།		PUNCT
རྒྱུ་མཚན་	རྒྱུ་མཚན་	NOUN
གང་	གང་	NO_POS
གིས་	གིས་	PART
ཐུགས་	ཐུགས་	NOUN
ལ་	ལ་	ADP
དམ་ཚིག་	དམ་ཚིག་	NOUN
སེམས་དཔའ་	སེམས་དཔའ་	NOUN
ཞེ་	ཅེས་	PART
གསུངས་པ་	གསུངས་པ་	VERB
ལགས་	ལགས་	AUX
།		PUNCT
བཅོམ་ལྡན་འདས་	བཅོམ་ལྡན་འདས་	NOUN
ཀྱིས་	གིས་	PART
བདག་	བདག་	PRON
ལ་	ལ་	ADP
གསུངས་	གསུངས་	VERB
།		PUNCT
ཞེ་	ཅེས་	PART
ཞུས་པ་	ཞུས་པ་	VERB
འི་	གི་	PART
ལན་	ལན་	NOUN
དུ་	ལ་	PART
། ༈		PUNCT
བཅོམ་ལྡན་འདས་	བཅོམ་ལྡན་འདས་	NOUN
ཀྱིས་	གིས་	PART
བཀའ་	བཀའ་	NOUN
སྩལ་པ་	སྩལ་པ་	VERB
།		PUNCT
རྡོ་རྗེ་	རྡོ་རྗེ་	NOUN
རིན་པོ་ཆེ་	རིན་པོ་ཆེ་	ADJ
གཞན་	གཞན་	DET
གྱིས་	གིས་	PART
མི་ཕྱེད་པ་	མི་ཕྱེད་པ་	PROPN
ལྟ་	ལྟ་	OTHER
ཆོ་	ཆོ་	NOUN
ཐམས་ཅད་	ཐམས་ཅད་	DET
ཀྱི་	གི་	PART
རང་བཞིན་	རང་བཞིན་	NOUN
སྟོང་པ་ཉིད་	སྟོང་པ་ཉིད་	NOUN
རྟོག་པ་	རྟོག་པ་	VERB
ས་	གིས་	PART
མི་ཕྱེད་པ་	མི་ཕྱེད་པ་	PROPN
ས་	གིས་	PART
རྡོ་རྗེ་	རྡོ་རྗེ་	NOUN
ཅེས་བྱ་བ་	ཅེས་བྱ་བ་	NO_POS
ར་	ལ་	PART
བརྗོད་	བརྗོད་	VERB
།		PUNCT
སེམས་དཔའ་	སེམས་དཔའ་	NOUN
ནི་	ནི་	NO_POS
སེམས་	སེམས་	NOUN
ཡིན་	ཡིན་	NO_POS
ལ་	ལ་	ADP
དེ་	དེ་	DET
དང་	དང་	NO_POS
ལྡན་པ་	ལྡན་པ་	VERB
འི་	གི་	PART
སྲིད་པ་	སྲིད་པ་	VERB
གསུམ་	གསུམ་	NUM
ནི་	ནི་	NO_POS
འདོད་པ་	འདོད་པ་	VERB
དང་	དང་	NO_POS
།		PUNCT
གཟུགས་	གཟུགས་	NOUN
དང་	དང་	NO_POS
།		PUNCT
གཟུགས་	གཟུགས་	NOUN
མེད་པ་	མེད་པ་	VERB
འོ་	གོ་	PART
། །		PUNCT
དེ་དག་	དེ་དག་	OTHER
སྟོང་པ་ཉིད་	སྟོང་པ་ཉིད་	NOUN
དུ་	ལ་	PART
རོ་	རོ་	NOUN
།།		PUNCT
གཅིག་པ་	གཅིག་པ་	ADJ
།		PUNCT
		
འདི་	འདི་	DET
ས་	གིས་	PART
ནི་	ནི་	NO_POS
ཤེ་	ཤེ་	VERB
		
རབ་	རབ་	ADV
བམ་	གམ་	PART
རིག་	རིག་	VERB
		
པ་	པ་	OTHER
ཡི་	གིས་	PART
།		PUNCT
དེ་བཞིན་	དེ་བཞིན་	OTHER
གཤེགས་པ་	གཤེགས་པ་	VERB
ཐམས་ཅད་	ཐམས་ཅད་	DET
ཀྱི་	གི་	PART
སྐུ་	སྐུ་	NOUN
ལ་	ལ་	ADP
རྡོ་རྗེ་	རྡོ་རྗེ་	NOUN
སེམས་དཔའ་	སེམས་དཔའ་	NOUN
ཞེ་	ཅེས་	PART
བྱ་བ་	བྱ་བ་	VERB
ར་	ལ་	PART
བརྗོད་	བརྗོད་	VERB
དེ་	དེ་	DET
ཆོ་	ཆོ་	NOUN
ཀྱི་	གི་	PART
སྐུ་	སྐུ་	NOUN
འོ་	གོ་	PART
། །		PUNCT
ཆོ་	ཆོ་	NOUN
ཀྱི་	གི་	PART
སྐུ་	སྐུ་	NOUN
དེ་ཉིད་	དེ་ཉིད་	NOUN
ལ་	ལ་	ADP
བརྟེན་པ་	བརྟེན་པ་	VERB
འི་	གི་	PART
ཡེ་ཤེས་	ཡེ་ཤེས་	NOUN
ཆེན་པོ་	ཆེན་པོ་	ADJ
ལྔ་	ལྔ་	NUM
བདེ་བ་	བདེ་བ་	VERB
དང་	དང་	NO_POS
ཟུང་	ཟུང་	VERB
དུ་	ལ་	PART
ཆུད་པ་	ཆུད་པ་	VERB
འི་	གི་	PART
རོ་	རོ་	NOUN
ས་	གིས་	PART
ཡོངས་སུ་	ཡོངས་སུ་	NO_POS
གང་	གང་	NO_POS
ཞིང་ས་	ཞིང་ས་	NOUN
བཅུ་	བཅུ་	NUM
འི་	གི་	PART
བྱང་ཆུབ་	བྱང་ཆུབ་	NOUN
སེམས་དཔའ་	སེམས་དཔའ་	NOUN
ལ་	ལ་	ADP
སྟོན་	སྟོན་	VERB
བ་	བ་	ADP
།		PUNCT
གསུང་	གསུང་	VERB
ལ་	ལ་	ADP
སེམས་དཔའ་	སེམས་དཔའ་	NOUN
ཆེན་པོ་	ཆེན་པོ་	ADJ
ར་	ལ་	PART
བརྗོད་པ་	བརྗོད་པ་	VERB
ར་	ལ་	PART
བྱ་	བྱ་	VERB
ཞིང་	ཞིང་	SCONJ
དེ་ཉིད་	དེ་ཉིད་	NOUN
ལོངས་སྐུ་	ལོངས་སྐུ་	NOUN
འོ་	གོ་	PART
། །		PUNCT
ལམ་	གམ་	PART
གྱི་	གི་	PART
དུས་	དུས་	NOUN
རྟག་	རྟག་	VERB
ཏུ་	ལ་	PART
ལམ་	གམ་	PART
གྱི་	གི་	PART
དམ་ཚིག་	དམ་ཚིག་	NOUN
ལ་	ལ་	ADP
སྤྱོད་པ་	སྤྱོད་པ་	VERB
ས་	གིས་	PART
འབྲས་བུ་	འབྲས་བུ་	NOUN
འི་	གི་	PART
དུས་	དུས་	NOUN
སུ་	སུ་	ADP
གཞན་དོན་	གཞན་དོན་	NOUN
ལས་མི་	ལས་མི་	NOUN
འདའ་བ་	འདའ་བ་	VERB
འི་	གི་	PART
ཕྱི་	ཕྱི་	OTHER
།		PUNCT
ཐུགས་	ཐུགས་	NOUN
ལ་	ལ་	ADP
དམ་ཚིག་	དམ་ཚིག་	NOUN
སེམས་དཔ་	སེམས་དཔའ་	NOUN
ར་	ལ་	PART
བརྗོད་པ་	བརྗོད་པ་	VERB
ར་	ལ་	PART
བྱ་	བྱ་	VERB
ཞིང་	ཞིང་	SCONJ
དེ་ཉིད་	དེ་ཉིད་	NOUN
སྤྲུལ་སྐུ་	སྤྲུལ་སྐུ་	NOUN
འོ་	གོ་	PART
༑ ༑ ༈		PUNCT
ཐུན་མོང་	ཐུན་མོང་	ADJ
མ་ཡིན་པ་	མ་ཡིན་པ་	OTHER
འི་	གི་	PART
ཧེ་རུ་ཀ་	ཧེ་རུ་ཀ་	NOUN
བཞི་པ་	བཞི་པ་	ADJ
འི་	གི་	PART
ངེས་ཚིག་	ངེས་ཚིག་	NOUN
ཞུ་བ་	ཞུ་བ་	VERB
འི་	གི་	PART
ཕྱི་	ཕྱི་	OTHER
རྡོ་རྗེ་	རྡོ་རྗེ་	NOUN
སྙིང་པོ་	སྙིང་པོ་	NOUN
ས་	གིས་	PART
གསོལ་བ་	གསོལ་བ་	VERB
ཧེ་	ཧེ་	INTJ
དང་	དང་	NO_POS
བཛྲ་	བཛྲ་	NO_POS
ཞེ་	ཅེས་	PART
མིང་	མིང་	NOUN
བསྡུས་པ་	བསྡུས་པ་	VERB
ནི་	ནི་	NO_POS
འདི་	འདི་	DET
ལྟ་བུ་	ལྟ་བུ་	NOUN
།		PUNCT
རྒྱུ་མཚན་	རྒྱུ་མཚན་	NOUN
གང་	གང་	NO_POS
གིས་	གིས་	PART
སྙིང་པོ་	སྙིང་པོ་	NOUN
ལ་	ལ་	ADP
ཀྱེ་	ཀྱེ་	INTJ
ཡི་	ཡི་	ADP
རྡོ་རྗེ་	རྡོ་རྗེ་	NOUN
ཞེ་	ཅེས་	PART
གསུངས་པ་	གསུངས་པ་	VERB
ལགས་	ལགས་	AUX
།		PUNCT
མིང་	མིང་	NOUN
སོ་སོ་	སོ་སོ་	PRON
ར་	ལ་	PART
ཕྱེ་བ་	ཕྱེ་བ་	VERB
ཧེ་	ཧེ་	INTJ
ཡི་	ཡི་	ADP
རྣམ་པ་	རྣམ་པ་	NOUN
ས་	གིས་	PART
དོན་	དོན་	NOUN
ཅི་ཞིག་	ཅི་ཞིག་	NO_POS
བཤད་པ་	བཤད་པ་	VERB
ལགས་	ལགས་	AUX
།		PUNCT
བཛྲ་	བཛྲ་	NO_POS
ཡི་	གིས་	PART
ཀྱང་	ཀྱང་	PART
དེ་བཞིན་	དེ་བཞིན་	OTHER
དུ་	ལ་	PART
དོན་	དོན་	NOUN
ཅི་ཞིག་	ཅི་ཞིག་	NO_POS
བསྟན་	བསྟན་	VERB
ཞེ་	ཅེས་	PART
ཞུས་པ་	ཞུས་པ་	VERB
འི་	གི་	PART
ལན་	ལན་	NOUN
དུ་	ལ་	PART
། ༈		PUNCT
བཅོམ་ལྡན་འདས་	བཅོམ་ལྡན་འདས་	NOUN
ཀྱིས་	གིས་	PART
བཀའ་	བཀའ་	NOUN
སྩལ་པ་	སྩལ་པ་	VERB
། །		PUNCT
ཧེ་	ཧེ་	INTJ
ས་	གིས་	PART
ནི་	ནི་	NO_POS
སྙིང་རྗེ་	སྙིང་རྗེ་	NOUN
ཆེན་པོ་	ཆེན་པོ་	ADJ
ཡི་	གིས་	PART
སེམས་ཅན་	སེམས་ཅན་	NOUN
གྱི་	གི་	PART
དོན་	དོན་	NOUN
ལ་	ལ་	ADP
བསྐུལ་བ་	བསྐུལ་བ་	VERB
དང་	དང་	NO_POS
རང་བཞིན་	རང་བཞིན་	NOUN
སྣང་བ་	སྣང་བ་	VERB
འི་	གི་	PART
ཆ་སྟོན་པ་	ཆ་སྟོན་པ་	NO_POS
ཉིད་	ཉིད་	DET
།		PUNCT
བཛྲའང་		NON_WORD
རྡོ་རྗེ་	རྡོ་རྗེ་	NOUN
མི་ཕྱེད་པ་	མི་ཕྱེད་པ་	PROPN
ས་	གིས་	PART
སྟོང་པ་ཉིད་	སྟོང་པ་ཉིད་	NOUN
ཤེས་པ་	ཤེས་པ་	VERB
འི་	གི་	PART
ཤེས་རབ་	ཤེས་རབ་	NOUN
དང་	དང་	NO_POS
སྟོང་པ་	སྟོང་པ་	VERB
འི་	གི་	PART
ཆ་	ཆ་	NOUN
ར་	ལ་	PART
།		PUNCT
བརྗོད་པ་	བརྗོད་པ་	VERB
ར་	ལ་	PART
བྱ་	བྱ་	VERB
སྟེ་	སྟེ་	PART
ཀྱེ་	ཀྱེ་	INTJ
འི་	གི་	PART
རྡོ་རྗེ་	རྡོ་རྗེ་	NOUN
ཞེ་	ཅེས་	PART
མིང་	མིང་	NOUN
བསྡུས་པ་	བསྡུས་པ་	VERB
ས་	གིས་	PART
སྟོང་པ་	སྟོང་པ་	VERB
དང་	དང་	NO_POS
སྙིང་རྗེ་	སྙིང་རྗེ་	NOUN
ཟུང་	ཟུང་	VERB
དུ་	ལ་	PART
འཇུག་པ་	འཇུག་པ་	VERB
དང་	དང་	NO_POS
།		PUNCT
སྐུ་གསུམ་	སྐུ་གསུམ་	OTHER
དབྱེ་	དབྱེ་	VERB
ར་	ལ་	PART
མི་ཕྱེད་པ་	མི་ཕྱེད་པ་	PROPN
ས་	གིས་	PART
བསྟན་	བསྟན་	VERB
ཏེ་	སྟེ་	PART
།		PUNCT
དེ་ཉིད་	དེ་ཉིད་	NOUN
ངོ་བོ་	ངོ་བོ་	NOUN
ཉིད་	ཉིད་	DET
ཀྱི་	གི་	PART
སྐུ་	སྐུ་	NOUN
འོ་	གོ་	PART
། ༈		PUNCT
ཐབས་	ཐབས་	NOUN
ཀྱི་	གི་	PART
རྒྱུད་	རྒྱུད་	NOUN
བཤད་པ་	བཤད་པ་	VERB
ར་	ལ་	PART
དམ་བཅའ་བ་	དམ་བཅའ་བ་	NOUN
ནི་	ནི་	NO_POS
ཐབས་	ཐབས་	NOUN
སྤྲོས་པ་	སྤྲོས་པ་	VERB
འི་	གི་	PART
རང་བཞིན་	རང་བཞིན་	NOUN
བུམ་	བུམ་	NOUN
དབང་	དབང་	NOUN
དང་	དང་	NO_POS
།		PUNCT
བསྐྱེད་རིམ་	བསྐྱེད་རིམ་	NOUN
ཡན་ལག་	ཡན་ལག་	NOUN
དང་	དང་	NO_POS
བཅས་པ་	བཅས་པ་	VERB
དང་	དང་	NO_POS
སྟོང་པ་	སྟོང་པ་	VERB
འི་	གི་	PART
རང་བཞིན་	རང་བཞིན་	NOUN
མཆོག་	མཆོག་	ADJ
དབང་	དབང་	NOUN
དང་	དང་	NO_POS
།		PUNCT
རྫོགས་རིམ་	རྫོགས་རིམ་	NOUN
ཡན་ལག་	ཡན་ལག་	NOUN
དང་	དང་	NO_POS
བཅས་པ་	བཅས་པ་	VERB
ཤེས་རབ་	ཤེས་རབ་	NOUN
ཟུང་	ཟུང་	VERB
དུ་	ལ་	PART
འཇུག་པ་	འཇུག་པ་	VERB
ས་	གིས་	PART
བདག་ཉིད་	བདག་ཉིད་	NOUN
རྒྱུན་ཆགས་པ་	རྒྱུན་ཆགས་པ་	NOUN
ས་	གིས་	PART
རྒྱུད་	རྒྱུད་	NOUN
།		PUNCT
དེ་ལྟ་	དེ་ལྟ་	NO_POS
བུ་	བུ་	NOUN
འི་	གི་	PART
ཐབས་	ཐབས་	NOUN
ཀྱི་	གི་	PART
རྒྱུད་	རྒྱུད་	NOUN
ནི་	ནི་	NO_POS
ང་	ང་	PRON
ཡི་	གིས་	PART
བཤད་	བཤད་	VERB
ཀྱིས་	གིས་	PART
རྡོ་རྗེ་	རྡོ་རྗེ་	NOUN
སྙིང་པོ་	སྙིང་པོ་	NOUN
ཁྱོད་	ཁྱོད་	PRON
སྣོད་	སྣོད་	NOUN
ཀྱི་	གི་	PART
སྐྱོན་	སྐྱོན་	NOUN
གསུམ་	གསུམ་	NUM
སྤོངས་	སྤོངས་	VERB
ལ་	ལ་	ADP
ཉོན་	ཉོན་	VERB
ཅིག་	ཅིག་	PART
ཅེས་	ཅེས་	PART
མཉན་པ་	མཉན་པ་	VERB
ར་	ལ་	PART
གདམས་	གདམས་	NOUN
ན་	ནས་	PART
༑༑ ༈		PUNCT
མིག་	མིག་	NOUN
གི་	གི་	PART
ལྟ་བ་	ལྟ་བ་	VERB
འི་	གི་	PART
སྟངས་	སྟངས་	NO_POS
ཀྱིས་	གིས་	PART
ལ་	ལ་	ADP
ས་	གིས་	PART
སྒྲུབ་པ་	སྒྲུབ་པ་	VERB
སྟེ་	སྟེ་	PART
ལྷུང་བ་	ལྷུང་བ་	VERB
ལ་སོགས་པ་	ལ་སོགས་པ་	NO_POS
བཞི་	བཞི་	NUM
དང་	དང་	NO_POS
།		PUNCT
བསྒྲུབ་བྱ་	བསྒྲུབ་བྱ་	VERB
དགུག་པ་	དགུག་པ་	VERB
དང་	དང་	NO_POS
དམ་ཚིག་	དམ་ཚིག་	NOUN
དང་	དང་	NO_POS
ལྡན་པ་	ལྡན་པ་	VERB
འི་	གི་	PART
གྲོག་	གྲོག་	NOUN
ངོ་	ངོ་	PART
ཤེས་པ་	ཤེས་པ་	VERB
ར་	ལ་	PART
བྱེད་པ་	བྱེད་པ་	VERB
འི་	གི་	PART
བརྡ་	བརྡ་	NOUN
ཆེན་	ཆེན་	NO_POS
དང་	དང་	NO_POS
།		PUNCT
གདུལ་བྱ་	གདུལ་བྱ་	NOUN
དམན་པ་	དམན་པ་	VERB
ལ་མོ་	ལ་མོ་	OTHER
ས་པ་	ས་པ་	PART
འི་	གི་	PART
དོན་	དོན་	NOUN
བྱེད་	བྱེད་	VERB
རྣམ་པ་	རྣམ་པ་	NOUN
མང་པོ་	མང་པོ་	ADJ
བརྗོད་པ་	བརྗོད་པ་	VERB
ལ་སོགས་	ལ་སོགས་	NO_POS
དང་	དང་	NO_POS
།		PUNCT
ལུས་	ལུས་	NOUN
རེངས་པ་	རེངས་པ་	VERB
ར་	ལ་	PART
བྱེད་	བྱེད་	VERB
དང་	དང་	NO_POS
གནས་	གནས་	NOUN
གཞན་	གཞན་	DET
ན་	ནས་	PART
གཞན་	གཞན་	DET
དུ་	ལ་	PART
སྐྲོད་པ་	སྐྲོད་པ་	VERB
ཉིད་	ཉིད་	DET
དང་	དང་	NO_POS
།		PUNCT
དམག་	དམག་	NOUN
གི་	གི་	PART
སྡེ་	སྡེ་	NOUN
རེངས་པ་	རེངས་པ་	VERB
ར་	ལ་	PART
བྱེད་པ་	བྱེད་པ་	VERB
གསོད་པ་	གསོད་པ་	VERB
འི་	གི་	PART
རྡོ་རྗེ་	རྡོ་རྗེ་	NOUN
གྲི་གུག་	གྲི་གུག་	NOUN
གི་	གི་	PART
ཆོ་ག་	ཆོ་ག་	NOUN
དང་	དང་	NO_POS
མངོན་སྤྱོད་	མངོན་སྤྱོད་	NO_POS
རིམས་ནད་	རིམས་ནད་	NOUN
ཀྱིས་	གིས་	PART
འདེབས་པ་	འདེབས་པ་	VERB
སོགས་	སོགས་	DET
དང་	དང་	NO_POS
།		PUNCT
ཇི་ལྟ་		
རིགས་པ་	རིགས་པ་	VERB
ར་	ལ་	PART
ཉེ་	ཉེ་	VERB
རྒྱུ་	རྒྱུ་	NOUN
འི་	གི་	PART
རྟེན་	རྟེན་	NOUN
རྣལ་འབྱོར་	རྣལ་འབྱོར་	NOUN
མ་ལ་	མ་ལ་	INTJ
བརྟེན་པ་	བརྟེན་པ་	VERB
འི་	གི་	PART
།		PUNCT
བསྐྱེད་པ་	བསྐྱེད་པ་	VERB
ཐབས་	ཐབས་	NOUN
དང་	དང་	NO_POS
ཕྱི་	ཕྱི་	NOUN
ནང་	ནང་	NOUN
གི་	གི་	PART
གནས་	གནས་	NOUN
དང་	དང་	NO_POS
བྱེད་རྒྱུ་	བྱེད་རྒྱུ་	VERB
མངོན་པ་	མངོན་པ་	OTHER
བྱང་ཆུབ་པ་	བྱང་ཆུབ་པ་	NOUN
འི་	གི་	PART
རིམ་པ་	རིམ་པ་	NOUN
ལྔ་	ལྔ་	NUM
དང་	དང་	NO_POS
། །		PUNCT
སློབ་མ་	སློབ་མ་	NOUN
འི་	གི་	PART
དོན་	དོན་	NOUN
བྱེད་པ་	བྱེད་པ་	VERB
དབང་	དབང་	NOUN
བསྐུར་བ་	བསྐུར་བ་	VERB
དང་	དང་	NO_POS
ཡེ་ཤེས་	ཡེ་ཤེས་	NOUN
དང་	དང་	NO_POS
རྣམ་ཤེས་	རྣམ་ཤེས་	NOUN
རྟོག་	རྟོག་	VERB
བཅའ་	བཅའ་	VERB
ཀྱི་	གི་	PART
ཏིང་ངེ་འཛིན་	ཏིང་ངེ་འཛིན་	NOUN
དང་	དང་	NO_POS
།		PUNCT
ལྷ་	ལྷ་	NOUN
རྣམས་	རྣམས་	DET
ཇི་ལྟ་		
འབྱུང་བ་	འབྱུང་བ་	VERB
བསྐྱེད་	བསྐྱེད་	VERB
རིམའོ་		NON_WORD
། ༈ །		PUNCT
འབྲས་བུ་	འབྲས་བུ་	NOUN
ཧེ་རུ་ཀ་	ཧེ་རུ་ཀ་	NOUN
བཞི་	བཞི་	NUM
ནི་	ནི་	NO_POS
བསྐྱེད་པ་	བསྐྱེད་པ་	VERB
འི་	གི་	PART
རྒྱུ་	རྒྱུ་	NOUN
ཡིན་པ་	ཡིན་པ་	AUX
འི་	གི་	PART
ཕྱི་	ཕྱི་	OTHER
།		PUNCT
འབྲས་བུ་	འབྲས་བུ་	NOUN
འི་	གི་	PART
དང་པོ་	དང་པོ་	ADJ
ར་	ལ་	PART
འབྲས་བུ་	འབྲས་བུ་	NOUN
ལ་	ལ་	ADP
ས་	གིས་	PART
གཅིག་	གཅིག་	NUM
ཤོ་	ཤོ་	VERB
ཐབས་	ཐབས་	NOUN
ཀྱི་	གི་	PART
རྒྱུད་	རྒྱུད་	NOUN
ནི་	ནི་	NO_POS
བསྒོམ་པ་	བསྒོམ་པ་	VERB
ར་	ལ་	PART
བྱ་	བྱ་	VERB
། ༈ །		PUNCT
རྡོ་རྗེ་	རྡོ་རྗེ་	NOUN
སྙིང་པོ་	སྙིང་པོ་	NOUN
སྙིང་རྗེ་	སྙིང་རྗེ་	NOUN
ཆེན་པོ་	ཆེན་པོ་	ADJ
ཞེ་	ཅེས་	PART
བོ་	བོ་	VERB
ན་	ནས་	PART
ཐ་མལ་པ་	ཐ་མལ་པ་	ADJ
དང་	དང་	NO_POS
ལྷ་	ལྷ་	NOUN
འི་	གི་	PART
དངོས་པོ་	དངོས་པོ་	NOUN
ཉིད་	ཉིད་	DET
ཀྱིས་	གིས་	PART
རྣམ་པ་	རྣམ་པ་	NOUN
ར་	ལ་	PART
གྲོལ་བ་	གྲོལ་བ་	VERB
འི་	གི་	PART
རྐྱེན་	རྐྱེན་	NOUN
དུ་	ལ་	PART
འགྱུར་	འགྱུར་	VERB
ཞིང་	ཞིང་	SCONJ
།		PUNCT
དངོས་པོ་	དངོས་པོ་	NOUN
ལ་	ལ་	ADP
བདེན་པ་	བདེན་པ་	VERB
ར་	ལ་	PART
ཞེན་པ་	ཞེན་པ་	VERB
འི་	གི་	PART
འཆིང་བ་	འཆིང་བ་	VERB
ས་	གིས་	PART
འཁོར་བ་	འཁོར་བ་	NOUN
ར་	ལ་	PART
འཆིང་བ་	འཆིང་བ་	VERB
ར་	ལ་	PART
གྱུར་	གྱུར་	VERB
ལ་	ལ་	ADP
།		PUNCT
ཐ་མལ་	ཐ་མལ་	ADJ
དང་	དང་	NO_POS
ལྷ་	ལྷ་	NOUN
འི་	གི་	PART
དངོས་པོ་	དངོས་པོ་	NOUN
དེ་	དེ་	DET
རང་བཞིན་	རང་བཞིན་	NOUN
མེད་པ་	མེད་པ་	VERB
ར་	ལ་	PART
ཡོངས་སུ་	ཡོངས་སུ་	NO_POS
ཤེས་པ་	ཤེས་པ་	VERB
ས་	གིས་	PART
གྲོལ་བ་	གྲོལ་བ་	VERB
ར་	ལ་	PART
འགྱུར་བ་	འགྱུར་བ་	VERB
ཡིན་	ཡིན་	NO_POS
ལ་	ལ་	ADP
།		PUNCT
ནམ་མཁའ་	ནམ་མཁའ་	NOUN
ལ་སོགས་པ་	ལ་སོགས་པ་	NO_POS
འི་	གི་	PART
དངོས་པོ་	དངོས་པོ་	NOUN
མེད་པ་	མེད་པ་	VERB
འང་	ཀྱང་	PART
ལྷ་	ལྷ་	NOUN
དང་	དང་	NO_POS
སྤྲོས་བྲལ་	སྤྲོས་བྲལ་	ADJ
དུ་	ལ་	PART
ཡོངས་སུ་	ཡོངས་སུ་	NO_POS
ཤེས་པ་	ཤེས་པ་	VERB
ས་	གིས་	PART
།		PUNCT
ལམ་	གམ་	PART
གྱི་	གི་	PART
དངོས་པོ་	དངོས་པོ་	NOUN
བསྒོམ་པ་	བསྒོམ་པ་	VERB
ར་	ལ་	PART
འགྱུར་	འགྱུར་	VERB
རོ་	རོ་	NOUN
། །		PUNCT
ཤེས་རབ་	ཤེས་རབ་	NOUN
ཅན་	ཅན་	PART
།		PUNCT
ཞེ་	ཅེས་	PART
རྡོ་རྗེ་	རྡོ་རྗེ་	NOUN
སྙིང་པོ་	སྙིང་པོ་	NOUN
ལ་	ལ་	ADP
བོས་པ་	བོས་པ་	VERB
འོ་	གོ་	PART
། །		PUNCT
ཐ་མལ་བ་	ཐ་མལ་བ་	ADJ
དང་	དང་	NO_POS
བདེན་པ་	བདེན་པ་	VERB
འི་	གི་	PART
དངོས་པོ་	དངོས་པོ་	NOUN
མེད་པ་	མེད་པ་	VERB
ར་	ལ་	PART
ཡོངས་སུ་	ཡོངས་སུ་	NO_POS
ཤེས་པ་	ཤེས་པ་	VERB
ས་	གིས་	PART
།		PUNCT
བསྐྱེད་རིམ་	བསྐྱེད་རིམ་	NOUN
གྱི་	གི་	PART
དེ་ལྟ་	དེ་ལྟ་	NO_POS
ཧེ་རུ་ཀ་	ཧེ་རུ་ཀ་	NOUN
ཀྱེ་	ཀྱེ་	INTJ
འི་	གི་	PART
རྡོ་རྗེ་	རྡོ་རྗེ་	NOUN
འི་	གི་	PART
དཀྱིལ་འཁོར་	དཀྱིལ་འཁོར་	NOUN
དང་	དང་	NO_POS
།		PUNCT
རྫོགས་རིམ་	རྫོགས་རིམ་	NOUN
ཡི་གེ་	ཡི་གེ་	NOUN
བཞི་	བཞི་	NUM
འི་	གི་	PART
དོན་ལྡན་	དོན་ལྡན་	ADJ
བསྒོམ་པ་	བསྒོམ་པ་	VERB
ར་	ལ་	PART
བྱ་	བྱ་	VERB
འོ་	གོ་	PART
།། ༈		PUNCT
ལྷན་ཅིག་	ལྷན་ཅིག་	OTHER
སྐྱེས་པ་	སྐྱེས་པ་	VERB
འི་	གི་	PART
ཡེ་ཤེས་	ཡེ་ཤེས་	NOUN
ཀྱི་	གི་	PART
མཚན་ཉིད་	མཚན་ཉིད་	NOUN
ནི་	ནི་	NO_POS
རྟེན་	རྟེན་	NOUN
ལུས་	ལུས་	NOUN
ལ་	ལ་	ADP
བརྟེན་པ་	བརྟེན་པ་	VERB
ཡེ་ཤེས་	ཡེ་ཤེས་	NOUN
ཆེན་པོ་	ཆེན་པོ་	ADJ
གནས་	གནས་	NOUN
།		PUNCT
དེ་	དེ་	DET
འི་	གི་	PART
མཚན་ཉིད་	མཚན་ཉིད་	NOUN
རྟོག་པ་	རྟོག་པ་	VERB
དང་	དང་	NO_POS
བརྟག་པ་	བརྟག་པ་	VERB
ར་	ལ་	PART
བྱ་བ་	བྱ་བ་	VERB
ཐམས་ཅད་	ཐམས་ཅད་	DET
ཡང་དག་པ་	ཡང་དག་པ་	ADJ
ར་	ལ་	PART
སྤངས་	སྤངས་	VERB
།		PUNCT
ཡེ་ཤེས་	ཡེ་ཤེས་	NOUN
དང་	དང་	NO_POS
ཡུལ་ཆོས་	ཡུལ་ཆོས་	NOUN
ཉིད་	ཉིད་	DET
དེ་	དེ་	DET
ས་	གིས་	PART
འཁོར་འདས་	འཁོར་འདས་	NOUN
དང་	དང་	NO_POS
ལུས་	ལུས་	NOUN
ཀྱི་	གི་	PART
དངོས་པོ་	དངོས་པོ་	NOUN
ཀུན་	ཀུན་	DET
ལ་	ལ་	ADP
ཁྱབ་པ་པོ་	ཁྱབ་པ་པོ་	VERB
། །		PUNCT
འཁོར་འདས་	འཁོར་འདས་	NOUN
ཀྱི་	གི་	PART
དངོས་པོ་	དངོས་པོ་	NOUN
དང་	དང་	NO_POS
ལུས་	ལུས་	NOUN
ལ་	ལ་	ADP
གནས་	གནས་	NOUN
ཀྱང་	ཀྱང་	PART
ལྷན་སྐྱེས་	ལྷན་སྐྱེས་	ADJ
ཀྱི་	གི་	PART
ཡེ་ཤེས་	ཡེ་ཤེས་	NOUN
དང་	དང་	NO_POS
ཆོས་ཉིད་	ཆོས་ཉིད་	NOUN
ངོ་བོ་	ངོ་བོ་	NOUN
མ་གྲུབ་པ་	མ་གྲུབ་པ་	NO_POS
ས་	གིས་	PART
ལུས་	ལུས་	NOUN
དང་	དང་	NO_POS
དངོས་པོ་	དངོས་པོ་	NOUN
ལས་མ་	ལས་མ་	NO_POS
སྐྱེས་པ་	སྐྱེས་པ་	VERB
འོ་	གོ་	PART
༑༑ ༑༑ ༈		PUNCT
ཀྱེ་	ཀྱེ་	INTJ
བཅོམ་ལྡན་འདས་	བཅོམ་ལྡན་འདས་	NOUN
ཞེ་	ཅེས་	PART
བོ་	བོ་	VERB
ན་	ནས་	PART
རྣམ་	རྣམ་	NOUN
འབྱོར་པ་	འབྱོར་པ་	NOUN
འི་	གི་	PART
རྡོ་རྗེ་	རྡོ་རྗེ་	NOUN
འི་	གི་	PART
ལུས་	ལུས་	NOUN
སྐྱོན་མེད་	སྐྱོན་མེད་	ADJ
ལ་རྩ་	ལ་རྩ་	NO_POS
ལྷན་ཅིག་	ལྷན་ཅིག་	OTHER
སྐྱེས་པ་	སྐྱེས་པ་	VERB
འི་	གི་	PART
ཡེ་ཤེས་	ཡེ་ཤེས་	NOUN
ཀྱི་	གི་	PART
རྟེན་	རྟེན་	NOUN
དུ་	ལ་	PART
མཆིས་	མཆིས་	VERB
ལགས་	ལགས་	AUX
ཞེ་	ཅེས་	PART
ཞུས་པ་	ཞུས་པ་	VERB
འི་	གི་	PART
ལན་	ལན་	NOUN
དུ་	ལ་	PART
། ༈		PUNCT
བཅོམ་ལྡན་འདས་	བཅོམ་ལྡན་འདས་	NOUN
ཀྱི་	གི་	PART
བཀའ་	བཀའ་	NOUN
སྩལ་པ་	སྩལ་པ་	VERB
།		PUNCT
རྡོ་རྗེ་	རྡོ་རྗེ་	NOUN
འི་	གི་	PART
ལུས་	ལུས་	NOUN
ལ་རྩ་	ལ་རྩ་	NO_POS
རྣམས་	རྣམས་	DET
ནི་	ནི་	NO_POS
སུམ་ཅུ་རྩ་གཉིས་	སུམ་ཅུ་རྩ་གཉིས་	NO_POS
ཡོད་	ཡོད་	VERB
ཏེ་	སྟེ་	PART
།		PUNCT
སོ་	སོ་	PART
དང་	དང་	NO_POS
སེན་མོ་	སེན་མོ་	NOUN
འི་	གི་	PART
ཁམས་	ཁམས་	NOUN
ལ་སོགས་པ་	ལ་སོགས་པ་	NO_POS
བྱང་ཆུབ་	བྱང་ཆུབ་	NOUN
ཀྱི་	གི་	PART
སེམས་	སེམས་	NOUN
སུམ་ཅུ་རྩ་གཉིས་	སུམ་ཅུ་རྩ་གཉིས་	NO_POS
འབབ་པ་	འབབ་པ་	VERB
།		PUNCT
སྤྱི་བོ་	སྤྱི་བོ་	NOUN
བདེ་བ་	བདེ་བ་	VERB
ཆེན་པོ་	ཆེན་པོ་	ADJ
འི་	གི་	PART
གནས་	གནས་	NOUN
ན་	ནས་	PART
ལྟེ་བ་	ལྟེ་བ་	NOUN
དང་	དང་	NO_POS
གསང་གནས་	གསང་གནས་	NO_POS
སུ་	སུ་	ADP
འཛག་པ་	འཛག་པ་	VERB
འོ་	གོ་	PART
། ༈ །		PUNCT
རྩ་	རྩ་	NUM
སུམ་ཅུ་	སུམ་ཅུ་	OTHER
སོ་	སོ་	PART
གཉིས་པོ་	གཉིས་པོ་	NUM
དེ་	དེ་	DET
རྣམས་	རྣམས་	DET
ཀྱི་	གི་	PART
ནང་	ནང་	NOUN
ན་	ནས་	PART
རྩ་	རྩ་	NUM
རྣམ་པ་	རྣམ་པ་	NOUN
གསུམ་	གསུམ་	NUM
ནི་	ནི་	NO_POS
རྒྱུ་	རྒྱུ་	NOUN
དང་	དང་	NO_POS
།		PUNCT
ལམ་	གམ་	PART
དང་	དང་	NO_POS
།		PUNCT
འབྲས་བུ་	འབྲས་བུ་	NOUN
འི་	གི་	PART
དུས་	དུས་	NOUN
སུ་	སུ་	ADP
དངོས་གཞི་	དངོས་གཞི་	NOUN
ར་	ལ་	PART
གྱུར་པ་	གྱུར་པ་	VERB
ས་	གིས་	PART
གཙོ་	གཙོ་	NOUN
མོ་	མོ་	PRON
སྟེ་	སྟེ་	PART
།		PUNCT
དེ་	དེ་	DET
འི་	གི་	PART
མིང་	མིང་	NOUN
གང་ཞེ་ན་	གང་ཞེ་ན་	NO_POS
།		PUNCT
གཡོན་	གཡོན་	NOUN
རྐྱང་མ་	རྐྱང་མ་	NO_POS
དང་	དང་	NO_POS
།		PUNCT
གཡའ་	གཡའ་	NOUN
རོ་	རོ་	NOUN
མ་	མ་	PART
དང་	དང་	NO_POS
།		PUNCT
དབུ་	དབུ་	NOUN
ཀུན་	ཀུན་	DET
འད་	འདའ་	VERB
ར་	ལ་	PART
མ་	མ་	PART
འོ་	གོ་	PART
༑ ༑ ༈		PUNCT
ལམ་	གམ་	PART
དུ་	ལ་	PART
བྱ་	བྱ་	VERB
ན་	ན་	ADP
རྐྱང་མ་	རྐྱང་མ་	NO_POS
ར་	ལ་	PART
ཤེས་རབ་	ཤེས་རབ་	NOUN
ཀྱི་	གི་	PART
རང་བཞིན་	རང་བཞིན་	NOUN
གྱིས་	གིས་	PART
སྟོང་པ་ཉིད་	སྟོང་པ་ཉིད་	NOUN
ཀྱི་	གི་	PART
ཉམས་	ཉམས་	NOUN
སྐྱེ་	སྐྱེ་	NOUN
ལ་	ལ་	ADP
།		PUNCT
ཐབས་	ཐབས་	NOUN
སྤྲོས་པ་	སྤྲོས་པ་	VERB
འི་	གི་	PART
རང་བཞིན་	རང་བཞིན་	NOUN
ཀྱིས་	གིས་	PART
ཉམས་	ཉམས་	NOUN
རོ་	རོ་	NOUN
མ་	མ་	PART
རུ་	ལ་	PART
ཡང་དག་པ་	ཡང་དག་པ་	ADJ
ར་	ལ་	PART
གནས་	གནས་	NOUN
།		PUNCT
རྩ་	རྩ་	NUM
ཀུན་	ཀུན་	DET
འད་	འདའ་	VERB
ར་	ལ་	PART
མ་	མ་	PART
ནི་	ནི་	NO_POS
གནས་	གནས་	NOUN
དབུ་	དབུ་	NOUN
ན་	ན་	ADP
གནས་	གནས་	NOUN
ན་	ནས་	PART
སུ་	སུ་	ADP
།		PUNCT
གཟུང་བ་	གཟུང་བ་	VERB
དང་	དང་	NO_POS
འཛིན་པ་	འཛིན་པ་	VERB
རྣམ་པ་	རྣམ་པ་	NOUN
ར་	ལ་	PART
སྤངས་པ་	སྤངས་པ་	VERB
འི་	གི་	PART
ཟུང་འཇུག་	ཟུང་འཇུག་	NOUN
གི་	གི་	PART
ཉམས་	ཉམས་	NOUN
སྐྱེ་	སྐྱེ་	NOUN
འོ་	གོ་	PART
།༈།		PUNCT
ལམ་	གམ་	PART
དུ་མ་	དུ་མ་	ADJ
བྱས་པ་	བྱས་པ་	VERB
འི་	གི་	PART
ཚེ་	ཚེ་	NOUN
ན་	ན་	ADP
རྐྱང་མ་	རྐྱང་མ་	NO_POS
འི་	གི་	PART
ལྟེ་བ་	ལྟེ་བ་	NOUN
མན་ཆད་	མན་ཆད་	ADV
ཀྱི་	གི་	PART
མདུན་	མདུན་	NOUN
ན་	ནས་	PART
མི་བསྐྱོད་པ་	མི་བསྐྱོད་པ་	NO_POS
འབབ་	འབབ་	NO_POS
མ་	མ་	PART
སྟེ་	སྟེ་	PART
།		PUNCT
རོ་	རོ་	NOUN
མ་	མ་	PART
འི་	གི་	PART
མདུན་	མདུན་	NOUN
ན་	ནས་	PART
དེ་བཞིན་	དེ་བཞིན་	OTHER
དུ་	ལ་	PART
ཁྲག་འབབ་	ཁྲག་འབབ་	NO_POS
ཅིང་	ཅིང་	PART
།		PUNCT
ཤེས་རབ་	ཤེས་རབ་	NOUN
ཀྱི་	གི་	PART
ངོ་བོ་	ངོ་བོ་	NOUN
ཟླ་བ་	ཟླ་བ་	NOUN
ཐིག་ལེ་	ཐིག་ལེ་	NOUN
འི་	གི་	PART
དྭངས་མ་	དྭངས་མ་	ADJ
འབབ་པ་	འབབ་པ་	VERB
ར་	ལ་	PART
བཤད་པ་	བཤད་པ་	VERB
།		PUNCT
དེ་	དེ་	DET
ནི་	ནི་	NO_POS
དབུ་	དབུ་	NOUN
ཀུན་	ཀུན་	DET
འད་	འདའ་	VERB
ར་	ལ་	PART
མ་	མ་	NOUN
རབ་ཏུ་	རབ་ཏུ་	NO_POS
གྲག་	གྲག་	VERB
སོ་	སོ་	PART
།།		PUNCT
དེ་	དེ་	DET
གསུམ་	གསུམ་	NUM
དང་	དང་	NO_POS
བཅས་པ་	བཅས་པ་	VERB
འི་	གི་	PART
རྩ་	རྩ་	NUM
སུམ་ཅུ་	སུམ་ཅུ་	OTHER
སོ་	སོ་	PART
གཉིས་	གཉིས་	NUM
ཀྱི་	གི་	PART
མིང་	མིང་	NOUN
ནི་	ནི་	NO_POS
།		PUNCT
ཡེ་ཤེས་	ཡེ་ཤེས་	NOUN
རྟོག་པ་	རྟོག་པ་	VERB
ས་	གིས་	PART
མི་ཕྱེད་པ་	མི་ཕྱེད་པ་	PROPN
སྐྱེད་པ་	སྐྱེད་པ་	VERB
ས་	གིས་	PART
མི་ཕྱེད་མ་	མི་ཕྱེད་མ་	NO_POS
དང་	དང་	NO_POS
།		PUNCT
རྣམ་རྟོག་	རྣམ་རྟོག་	NOUN
ཕྲ་བ་	ཕྲ་བ་	VERB
སྐྱེད་པ་	སྐྱེད་པ་	VERB
ས་	གིས་	PART
ཕྲ་	ཕྲ་	NOUN
གཟུགས་	གཟུགས་	NOUN
མ་	མ་	PART
དང་	དང་	NO_POS
།		PUNCT
བདེ་བ་	བདེ་བ་	VERB
ལ་རྩེ་	ལ་རྩེ་	NOUN
བ་	བ་	ADP
རྩེ་བ་	རྩེ་བ་	VERB
མ་	མ་	PART
དང་	དང་	NO_POS
།		PUNCT
གནས་	གནས་	NOUN
གཡོན་	གཡོན་	NOUN
ན་	ན་	ADP
གནས་པ་	གནས་པ་	VERB
ས་	གིས་	PART
གཡོན་པ་	གཡོན་པ་	ADJ
མ་	མ་	PART
དང་	དང་	NO_POS
།		PUNCT
སངས་རྒྱས་	སངས་རྒྱས་	NOUN
ཀྱི་	གི་	PART
ས་	ས་	ADP
ལ་ཐག་	ལ་ཐག་	NO_POS
སྟུང་བ་	སྟུང་བ་	NO_POS
ས་	གིས་	PART
ཐུང་ངུ་མ་	ཐུང་ངུ་མ་	NO_POS
དང་	དང་	NO_POS
༑		PUNCT
སྲིད་ཞི་	སྲིད་ཞི་	NOUN
འི་	གི་	PART
མཐའ་	མཐའ་	NOUN
གཉིས་	གཉིས་	NUM
ལ་	ལ་	ADP
མི་	མི་	PART
གནས་པ་	གནས་པ་	VERB
འི་	གི་	PART
རྟོགས་པ་	རྟོགས་པ་	VERB
སྐྱེད་པ་	སྐྱེད་པ་	VERB
ས་	གིས་	PART
རུས་སྦལ་	རུས་སྦལ་	NOUN
སྐྱེས་མ་	སྐྱེས་མ་	ADJ
དང་	དང་	NO_POS
།		PUNCT
བདེ་བ་	བདེ་བ་	VERB
ཡིད་	ཡིད་	NOUN
ལ་	ལ་	ADP
བྱེད་པ་	བྱེད་པ་	VERB
ས་	གིས་	PART
སྒོམ་པ་	སྒོམ་པ་	VERB
མ་	མ་	PART
དང་	དང་	NO_POS
།		PUNCT
རྟོག་པ་	རྟོག་པ་	VERB
འི་	གི་	PART
དྲི་མ་	དྲི་མ་	NOUN
འཁྲུད་པ་	འཁྲུད་པ་	VERB
ས་	གིས་	PART
དབང་མ་	དབང་མ་	NO_POS
དང་	དང་	NO_POS
།		PUNCT
ཉོན་མོངས་	ཉོན་མོངས་	NOUN
བསྐྱེད་པ་	བསྐྱེད་པ་	VERB
ས་	གིས་	PART
སྐྱོན་	སྐྱོན་	NOUN
མ་	མ་	PART
དང་	དང་	NO_POS
།		PUNCT
ཡེ་ཤེས་	ཡེ་ཤེས་	NOUN
ལ་	ལ་	ADP
འཇུག་པ་	འཇུག་པ་	VERB
ར་	ལ་	PART
བྱེད་པ་	བྱེད་པ་	VERB
ས་	གིས་	PART
འཇུག་མ་	འཇུག་མ་	NO_POS
དང་	དང་	NO_POS
།		PUNCT
ཏིང་ངེ་འཛིན་	ཏིང་ངེ་འཛིན་	NOUN
གྱི་	གི་	PART
མ་	མ་	NOUN
གྱུར་པ་	གྱུར་པ་	VERB
ས་	གིས་	PART
མ་མོ་	མ་མོ་	NOUN
དང་	དང་	NO_POS
།		PUNCT
རྣམ་རྟོག་	རྣམ་རྟོག་	NOUN
གི་	གི་	PART
ཉི་མ་	ཉི་མ་	NOUN
ནུབ་པ་	ནུབ་པ་	VERB
ར་	ལ་	PART
བྱེད་པ་	བྱེད་པ་	VERB
ས་	གིས་	PART
མཚན་མོ་	མཚན་མོ་	ADV
དང་	དང་	NO_POS
།		PUNCT
ཉོན་མོངས་	ཉོན་མོངས་	NOUN
ཀྱི་	གི་	PART
གདུང་བ་	གདུང་བ་	VERB
ཞི་བ་	ཞི་བ་	VERB
ར་	ལ་	PART
བྱེད་པ་	བྱེད་པ་	VERB
ས་	གིས་	PART
བསིལ་	བསིལ་	NO_POS
སྦྱིན་	སྦྱིན་	VERB
མ་	མ་	PART
དང་	དང་	NO_POS
།		PUNCT
དྲོད་	དྲོད་	NOUN
སྐྱེད་པ་	སྐྱེད་པ་	VERB
ས་	གིས་	PART
ཚ་བ་	ཚ་བ་	VERB
མ་	མ་	PART
དང་	དང་	NO_POS
།		PUNCT
བྱང་སེམས་	བྱང་སེམས་	NOUN
བརྐྱང་	བརྐྱང་	NO_POS
ན་	ནས་	PART
འབབ་	འབབ་	NO_POS
པསརྐྱང་		NON_WORD
མ་	མ་	PART
དང་	དང་	NO_POS
།		PUNCT
རྟོག་པ་	རྟོག་པ་	VERB
ཀུན་	ཀུན་	DET
འཇིག་	འཇིག་	VERB
ཅིང་	ཅིང་	PART
འདར་བ་	འདར་བ་	VERB
ར་	ལ་	PART
བྱེད་པ་	བྱེད་པ་	VERB
ས་	གིས་	PART
ཀུན་	ཀུན་	DET
འད་	འདའ་	VERB
ར་	ལ་	PART
མ་	མ་	PART
དང་	དང་	NO_POS
།		PUNCT
བདེ་བ་	བདེ་བ་	VERB
འི་	གི་	PART
རོ་	རོ་	NOUN
མྱོང་བ་	མྱོང་བ་	VERB
ར་	ལ་	PART
བྱེད་པ་	བྱེད་པ་	VERB
ས་	གིས་	PART
རོ་	རོ་	NOUN
མ་	མ་	PART
དང་	དང་	NO_POS
།		PUNCT
བདེ་བ་	བདེ་བ་	VERB
ལ་	ལ་	ADP
གཞོལ་བ་	གཞོལ་བ་	VERB
ས་	གིས་	PART
གཞོལ་མ་	གཞོལ་མ་	NO_POS
དང་	དང་	NO_POS
།		PUNCT
བདེ་བ་	བདེ་བ་	VERB
ས་	གིས་	PART
ཡིད་ཚིམ་པ་	ཡིད་ཚིམ་པ་	NO_POS
སྐྱེད་པ་	སྐྱེད་པ་	VERB
ས་	གིས་	PART
རངས་མ་	རངས་མ་	NO_POS
དང་	དང་	NO_POS
།		PUNCT
ཏིང་ངེ་འཛིན་	ཏིང་ངེ་འཛིན་	NOUN
མུན་པ་	མུན་པ་	NOUN
ལྟ་བུ་	ལྟ་བུ་	NOUN
འི་	གི་	PART
གཟུགས་	གཟུགས་	NOUN
སྐྱེད་པ་	སྐྱེད་པ་	VERB
ས་	གིས་	PART
ཤིན་ཏུ་	ཤིན་ཏུ་	NO_POS
གཟུགས་ཅན་	གཟུགས་ཅན་	ADJ
མ་	མ་	PART
དང་	དང་	NO_POS
།		PUNCT
མཉམ་པ་ཉིད་	མཉམ་པ་ཉིད་	NOUN
སྐྱེད་པ་	སྐྱེད་པ་	VERB
ས་	གིས་	PART
སྤྱི་མ་	སྤྱི་མ་	NO_POS
དང་	དང་	NO_POS
།		PUNCT
ཡེ་ཤེས་	ཡེ་ཤེས་	NOUN
ཀྱི་	གི་	PART
རྒྱུ་	རྒྱུ་	NOUN
སྟེར་བ་	སྟེར་བ་	VERB
ས་	གིས་	PART
རྒྱུ་	རྒྱུ་	NOUN
སྦྱིན་	སྦྱིན་	VERB
མ་	མ་	PART
དང་	དང་	NO_POS
།		PUNCT
སྡུག་བསྔལ་	སྡུག་བསྔལ་	NOUN
གྱི་	གི་	PART
སྦྱོར་བ་	སྦྱོར་བ་	VERB
དང་	དང་	NO_POS
བྲལ་བ་	བྲལ་བ་	VERB
ར་	ལ་	PART
བྱེད་པ་	བྱེད་པ་	VERB
ས་	གིས་	PART
སྦྱོར་བྲལ་མ་	སྦྱོར་བྲལ་མ་	NO_POS
དང་	དང་	NO_POS
།		PUNCT
ཏིང་ངེ་འཛིན་	ཏིང་ངེ་འཛིན་	NOUN
ཡིད་	ཡིད་	NOUN
དུ་	ལ་	PART
འོང་བ་	འོང་བ་	VERB
སྐྱེད་པ་	སྐྱེད་པ་	VERB
ས་	གིས་	PART
སྡུ་གུ་	སྡུ་གུ་	NO_POS
མ་	མ་	PART
དང་	དང་	NO_POS
།		PUNCT
ཡིད་	ཡིད་	NOUN
ལ་	ལ་	ADP
འདོད་པ་བ་	འདོད་པ་བ་	VERB
སྒྲུབ་པ་	སྒྲུབ་པ་	VERB
ས་	གིས་	PART
གྲུབ་	གྲུབ་	VERB
མ་	མ་	PART
དང་	དང་	NO_POS
།		PUNCT
རྣམ་རྟོག་	རྣམ་རྟོག་	NOUN
ཡེ་ཤེས་	ཡེ་ཤེས་	NOUN
སུ་	སུ་	ADP
སྒྱུར་བ་	སྒྱུར་བ་	VERB
ས་	གིས་	PART
འཚེད་	འཚེད་	NO_POS
མ་	མ་	PART
དང་	དང་	NO_POS
།		PUNCT
ཡིད་	ཡིད་	NOUN
བདེ་བ་	བདེ་བ་	VERB
འི་	གི་	PART
ཏིང་ངེ་འཛིན་	ཏིང་ངེ་འཛིན་	NOUN
སྐྱེད་པ་	སྐྱེད་པ་	VERB
ས་	གིས་	PART
དེ་བཞིན་	དེ་བཞིན་	OTHER
དུ་	ལ་	PART
ཡིད་བཟང་	ཡིད་བཟང་	NO_POS
མ་	མ་	PART
དང་	དང་	NO_POS
།		PUNCT
སྐུ་གསུང་ཐུགས་	སྐུ་གསུང་ཐུགས་	NOUN
ཀྱི་	གི་	PART
ངོ་བོ་	ངོ་བོ་	NOUN
རྩ་	རྩ་	NUM
གསུམ་	གསུམ་	NUM
ལ་	ལ་	ADP
ལན་	ལན་	NOUN
གསུམ་	གསུམ་	NUM
དཀྲིས་པ་	དཀྲིས་པ་	NON_WORD
ས་	གིས་	PART
སུམ་	སུམ་	NUM
སྐོར་	སྐོར་	NOUN
མ་	མ་	PART
དང་	དང་	NO_POS
།		PUNCT
ཆགས་པ་	ཆགས་པ་	VERB
འི་	གི་	PART
རྣམ་རྟོག་	རྣམ་རྟོག་	NOUN
སྐྱེད་པ་	སྐྱེད་པ་	VERB
ས་	གིས་	PART
འདོད་མ་	འདོད་མ་	NO_POS
དང་	དང་	NO_POS
།		PUNCT
བདེ་བ་	བདེ་བ་	VERB
འི་	གི་	PART
རྟེན་བྱེད་པ་	རྟེན་བྱེད་པ་	NO_POS
ས་	གིས་	PART
ཁྱིམ་	ཁྱིམ་	NOUN
མ་	མ་	PART
དང་	དང་	NO_POS
།		PUNCT
རྟོག་པ་	རྟོག་པ་	VERB
འི་	གི་	PART
སྲོག་གཅོད་པ་	སྲོག་གཅོད་པ་	NOUN
ས་	གིས་	PART
གཏུམ་མོ་	གཏུམ་མོ་	NOUN
དང་	དང་	NO_POS
།		PUNCT
རྟོག་པ་	རྟོག་པ་	VERB
འི་	གི་	PART
འཆིང་བ་	འཆིང་བ་	VERB
འདྲལ་བ་	འདྲལ་བ་	NO_POS
ས་	གིས་	PART
བདུད་	བདུད་	NOUN
འདྲལ་	འདྲལ་	NO_POS
མ་	མ་	PART
འོ་	གོ་	PART
། །༈		PUNCT
བཅོམ་ལྡན་འདས་	བཅོམ་ལྡན་འདས་	NOUN
ཞེ་	ཅེས་	PART
བོ་	བོ་	VERB
ན་	ནས་	PART
རྩ་	རྩ་	NUM
སུམ་ཅུ་རྩ་གཉིས་པོ་	སུམ་ཅུ་རྩ་གཉིས་པོ་	NO_POS
འདི་	འདི་	DET
རྣམས་	རྣམས་	DET
ཀྱི་	གི་	PART
སྤྱི་	སྤྱི་	DET
འི་	གི་	PART
བྱེད་པ་	བྱེད་པ་	VERB
ཇི་ལྟ་བུ་	ཇི་ལྟ་བུ་	NO_POS
ལགས་	ལགས་	AUX
ཞེ་	ཅེས་	PART
ཞུས་པ་	ཞུས་པ་	VERB
འི་	གི་	PART
ལན་	ལན་	NOUN
དུ་	ལ་	PART
། ༈		PUNCT
བཅོམ་ལྡན་འདས་	བཅོམ་ལྡན་འདས་	NOUN
ཀྱིས་	གིས་	PART
བཀའ་	བཀའ་	NOUN
སྩལ་པ་	སྩལ་པ་	VERB
།		PUNCT
སྲིད་པ་	སྲིད་པ་	VERB
གསུམ་	གསུམ་	NUM
གྱི་	གི་	PART
བག་ཆགས་	བག་ཆགས་	NOUN
ཀྱི་	གི་	PART
རྟེན་	རྟེན་	NOUN
དུ་	ལ་	PART
གྱུར་པ་	གྱུར་པ་	VERB
འི་	གི་	PART
རྩ་	རྩ་	NUM
རྣམས་	རྣམས་	DET
ལམ་	གམ་	PART
གྱིས་	གིས་	PART
ཡོངས་སུ་	ཡོངས་སུ་	NO_POS
གྱུར་	གྱུར་	VERB
ན་	ན་	ADP
རྩ་	རྩ་	NUM
ཐམས་ཅད་	ཐམས་ཅད་	DET
ནི་	ནི་	NO_POS
།		PUNCT
གཟུང་བ་	གཟུང་བ་	VERB
དང་	དང་	NO_POS
འཛིན་པ་	འཛིན་པ་	VERB
རྣམ་པ་	རྣམ་པ་	NOUN
ར་	ལ་	PART
སྤངས་པ་	སྤངས་པ་	VERB
འི་	གི་	PART
ལ་	ལ་	ADP
ས་	གིས་	PART
བྱེད་	བྱེད་	VERB
ཅིང་	ཅིང་	PART
། ༈		PUNCT
ཡང་ན་	ཡང་ན་	NO_POS
ཐབས་	ཐབས་	NOUN
ཀྱིས་	གིས་	PART
མ་ཟིན་	མ་ཟིན་	NO_POS
ན་	ན་	ADP
ཐབས་	ཐབས་	NOUN
སྤྲོས་པ་	སྤྲོས་པ་	VERB
འི་	གི་	PART
རང་བཞིན་	རང་བཞིན་	NOUN
གྱི་	གི་	PART
ནི་	ནི་	NO_POS
རྩ་	རྩ་	NUM
ཐམས་ཅད་	ཐམས་ཅད་	DET
ཀྱིས་	གིས་	PART
།		PUNCT
ཐ་མལ་	ཐ་མལ་	ADJ
གྱི་	གི་	PART
རྟོག་པ་	རྟོག་པ་	VERB
དང་	དང་	NO_POS
བུ་ཚ་	བུ་ཚ་	NOUN
འི་	གི་	PART
ལུས་	ལུས་	NOUN
ཀྱི་	གི་	PART
དངོས་པོ་	དངོས་པོ་	NOUN
འི་	གི་	PART
མཚན་ཉིད་	མཚན་ཉིད་	NOUN
སྐྱེད་པ་	སྐྱེད་པ་	VERB
ཉིད་	ཉིད་	DET
དུ་	ལ་	PART
ནི་	ནི་	NO_POS
བརྟག་	བརྟག་	VERB
གོ་	གོ་	VERB
༈ །		PUNCT
ཕྱི་	ཕྱི་	NOUN
འི་	གི་	PART
ཆོ་	ཆོ་	NOUN
ཐམས་ཅད་	ཐམས་ཅད་	DET
ནང་	ནང་	NOUN
དུ་	ལ་	PART
སྡུད་	སྡུད་	VERB
ཅིང་	ཅིང་	PART
རྟོག་པ་	རྟོག་པ་	VERB
འགོག་པ་	འགོག་པ་	VERB
ས་	གིས་	PART
སྡོམ་པ་	སྡོམ་པ་	NOUN
འི་	གི་	PART
དབྱེ་བ་	དབྱེ་བ་	VERB
འང་	ཀྱང་	PART
བཤད་པ་	བཤད་པ་	VERB
ར་	ལ་	PART
བྱ་	བྱ་	VERB
སྟེ་	སྟེ་	PART
།༈།		PUNCT
ཨཱ་ལི་	ཨཱ་ལི་	NOUN
རྐྱང་མ་	རྐྱང་མ་	NO_POS
དང་	དང་	NO_POS
ཀཱ་ལི་	ཀཱ་ལི་	OTHER
རོ་	རོ་	NOUN
མ་	མ་	PART
ནི་	ནི་	NO_POS
།		PUNCT
ཟླ་བ་	ཟླ་བ་	NOUN
ཐིག་ལེ་	ཐིག་ལེ་	NOUN
དང་	དང་	NO_POS
ཉི་མ་	ཉི་མ་	NOUN
རཀྟ་		NON_WORD
དང་	དང་	NO_POS
རྐྱང་མ་	རྐྱང་མ་	NO_POS
ས་	གིས་	PART
སྟོང་པ་	སྟོང་པ་	VERB
སྐྱེད་པ་	སྐྱེད་པ་	VERB
ས་	གིས་	PART
ཤེས་རབ་	ཤེས་རབ་	NOUN
དང་	དང་	NO_POS
རོ་	རོ་	NOUN
མ་	མ་	OTHER
སྤྲོས་པ་	སྤྲོས་པ་	VERB
སྐྱེད་པ་	སྐྱེད་པ་	VERB
ས་	གིས་	PART
ཐབས་	ཐབས་	NOUN
སོ་	སོ་	PART
། ༈ །		PUNCT
རྐྱང་མ་	རྐྱང་མ་	NO_POS
དང་	དང་	NO_POS
སྙིང་ཁ་	སྙིང་ཁ་	NOUN
ཆོ་	ཆོ་	NOUN
ཀྱི་	གི་	PART
སྐུ་	སྐུ་	NOUN
དང་	དང་	NO_POS
།		PUNCT
ཨ་ཝ་	ཨ་ཝ་	NO_POS
དྷཱུ་		NON_WORD
ཏཱི་		NON_WORD
དང་	དང་	NO_POS
མགྲིན་པ་	མགྲིན་པ་	NOUN
ལོངས་སྤྱོད་	ལོངས་སྤྱོད་	NOUN
རྫོགས་པ་	རྫོགས་པ་	VERB
འི་	གི་	PART
སྐུ་	སྐུ་	NOUN
དང་	དང་	NO_POS
།		PUNCT
རོ་	རོ་	NOUN
མ་	མ་	PART
དང་	དང་	NO_POS
ལྟེ་བ་	ལྟེ་བ་	NOUN
སྤྲུལ་པ་	སྤྲུལ་པ་	VERB
འི་	གི་	PART
སྐུ་	སྐུ་	NOUN
ནི་	ནི་	NO_POS
།		PUNCT
མ་	མ་	OTHER
ཡ་	ཡ་	OTHER
རིམ་པ་	རིམ་པ་	NOUN
བཞིན་	བཞིན་	NOUN
སྐུ་	སྐུ་	NOUN
དང་	དང་	NO_POS
༑		PUNCT
གསུང་	གསུང་	VERB
དང་	དང་	NO_POS
།		PUNCT
ཐུགས་	ཐུགས་	NOUN
སོ་	སོ་	PART
། ༈ །		PUNCT
འདི་སྐད་	འདི་སྐད་	NO_POS
བདག་	བདག་	PRON
གིས་	གིས་	PART
ཨེ་	ཨེ་	PART
ཝྃ་		NON_WORD
མ་	མ་	PART
ཡ་	ཡ་	NOUN
ནི་	ནི་	NO_POS
།		PUNCT
ལྟེ་བ་	ལྟེ་བ་	NOUN
ཨེ་	ཨེ་	PART
ཡི་	ཡི་	ADP
རྣམ་པ་	རྣམ་པ་	NOUN
གྲུ་གསུམ་	གྲུ་གསུམ་	NOUN
།		PUNCT
ས་	ས་	ADP
དག་པ་	དག་པ་	VERB
ལྷ་མོ་	ལྷ་མོ་	NOUN
སྤྱན་	སྤྱན་	NOUN
།		PUNCT
སྙིང་ཁ་	སྙིང་ཁ་	NOUN
ཝྃ་		NON_WORD
གྱི་	གི་	PART
རྣམ་པ་	རྣམ་པ་	NOUN
ཟླུམ་པོ་	ཟླུམ་པོ་	ADJ
ཆུ་	ཆུ་	NOUN
དག་པ་	དག་པ་	VERB
མཱ་	མཱ་	NO_POS
མ་	མ་	PART
ཀཱི་		NON_WORD
བདག་	བདག་	PRON
མ་	མ་	NOUN
བརྗོད་	བརྗོད་	VERB
།		PUNCT
མགྲིན་པ་	མགྲིན་པ་	NOUN
མ་	མ་	PART
འི་	གི་	PART
རྣམ་པ་	རྣམ་པ་	NOUN
ནི་	ནི་	NO_POS
གྲུ་བཞི་	གྲུ་བཞི་	ADJ
མེ་	མེ་	NOUN
དག་པ་	དག་པ་	VERB
ལྷ་མོ་	ལྷ་མོ་	NOUN
གོ་	གོ་	NOUN
དཀར་མོ་	དཀར་མོ་	ADJ
།		PUNCT
སྤྱི་བོ་	སྤྱི་བོ་	NOUN
ཡ་	ཡ་	NOUN
ཡི་	ཡི་	ADP
རྣམ་པ་	རྣམ་པ་	NOUN
ཟླ་གམ་	ཟླ་གམ་	ADJ
རླུང་	རླུང་	NOUN
དག་པ་	དག་པ་	VERB
སྒྲོལ་མ་	སྒྲོལ་མ་	PROPN
ར་	ལ་	PART
བརྗོད་	བརྗོད་	VERB
། ༈		PUNCT
ལྟེ་བ་	ལྟེ་བ་	NOUN
སྤྲུལ་བ་	སྤྲུལ་བ་	VERB
འི་	གི་	PART
འཁོར་ལོ་	འཁོར་ལོ་	NOUN
ལ་	ལ་	ADP
པདྨ་	པདྨ་	NOUN
འདབ་མ་	འདབ་མ་	NOUN
དྲུག་ཅུ་	དྲུག་ཅུ་	NUM
རྩ་	རྩ་	NUM
བཞི་	བཞི་	NUM
འི་	གི་	PART
དབང་	དབང་	NOUN
གིས་	གིས་	PART
དབྱུ་གུ་	དབྱུ་གུ་	NO_POS
དྲུག་ཅུ་	དྲུག་ཅུ་	NUM
རྩ་	རྩ་	NUM
བཞི་	བཞི་	NUM
དང་	དང་	NO_POS
།		PUNCT
སྙིང་ཁ་	སྙིང་ཁ་	NOUN
ཆོ་	ཆོ་	NOUN
ཀྱི་	གི་	PART
འཁོར་ལོ་	འཁོར་ལོ་	NOUN
ལ་	ལ་	ADP
འདབ་མ་	འདབ་མ་	NOUN
བརྒྱད་	བརྒྱད་	NUM
ཀྱི་	གི་	PART
དབང་	དབང་	NOUN
གིས་	གིས་	PART
ཐུན་ཕྱེད་པ་	ཐུན་ཕྱེད་པ་	NO_POS
བརྒྱད་	བརྒྱད་	NUM
དང་	དང་	NO_POS
།		PUNCT
མགྲིན་པ་	མགྲིན་པ་	NOUN
ལོངས་སྤྱོད་	ལོངས་སྤྱོད་	NOUN
རྫོགས་པ་	རྫོགས་པ་	VERB
འི་	གི་	PART
འཁོར་ལོ་	འཁོར་ལོ་	NOUN
ལ་	ལ་	ADP
འདབ་མ་	འདབ་མ་	NOUN
བཅུ་དྲུག་	བཅུ་དྲུག་	NO_POS
གི་	གི་	PART
དབང་	དབང་	NOUN
གིས་	གིས་	PART
འཕོ་བ་	འཕོ་བ་	VERB
བཅུ་དྲུག་	བཅུ་དྲུག་	NO_POS
དང་	དང་	NO_POS
།		PUNCT
སྤྱི་བོ་	སྤྱི་བོ་	NOUN
བདེ་བ་	བདེ་བ་	VERB
ཆེན་པོ་	ཆེན་པོ་	ADJ
འི་	གི་	PART
འཁོར་ལོ་	འཁོར་ལོ་	NOUN
ལ་	ལ་	ADP
འདབ་མ་	འདབ་མ་	NOUN
སུམ་ཅུ་རྩ་གཉིས་	སུམ་ཅུ་རྩ་གཉིས་	NO_POS
ཀྱི་	གི་	PART
དབང་	དབང་	NOUN
གིས་	གིས་	PART
ཆུ་ཚོད་	ཆུ་ཚོད་	NOUN
སུམ་ཅུ་རྩ་གཉིས་	སུམ་ཅུ་རྩ་གཉིས་	NO_POS
སོ་	སོ་	PART
། །		PUNCT
འཁོར་ལོ་	འཁོར་ལོ་	NOUN
བཞི་	བཞི་	NUM
འི་	གི་	PART
གྲངས་	གྲངས་	NOUN
ཀྱི་	གི་	PART
རིམ་པ་	རིམ་པ་	NOUN
ས་	གིས་	PART
རྣམ་པ་	རྣམ་པ་	NOUN
ར་	ལ་	PART
བཞག་པ་	བཞག་པ་	VERB
ནི་	ནི་	NO_POS
། ༈ །		PUNCT
དུས་	དུས་	NOUN
སྐད་ཅིག་མ་	སྐད་ཅིག་མ་	ADJ
བཞི་	བཞི་	NUM
ནི་	ནི་	NO_POS
།		PUNCT
དངོས་པོ་	དངོས་པོ་	NOUN
གང་ཡང་	གང་ཡང་	NO_POS
རུང་བ་	རུང་བ་	VERB
འགྲུབ་པ་	འགྲུབ་པ་	VERB
འི་	གི་	PART
རྒྱུ་རྐྱེན་	རྒྱུ་རྐྱེན་	OTHER
འཚོགས་པ་	འཚོགས་པ་	VERB
ས་	གིས་	PART
རྣམ་པ་	རྣམ་པ་	NOUN
སྣ་ཚོགས་པ་	སྣ་ཚོགས་པ་	DET
དང་	དང་	NO_POS
།		PUNCT
འབྲས་བུ་	འབྲས་བུ་	NOUN
འི་	གི་	PART
ངོ་བོ་	ངོ་བོ་	NOUN
སྨིན་པ་	སྨིན་པ་	VERB
ས་	གིས་	PART
རྣམ་པ་	རྣམ་པ་	NOUN
ར་	ལ་	PART
སྨིན་པ་	སྨིན་པ་	VERB
དང་	དང་	NO_POS
།		PUNCT
འབྲས་བུ་	འབྲས་བུ་	NOUN
འི་	གི་	PART
ཁྱད་པར་	ཁྱད་པར་	NOUN
འགྲུབ་པ་	འགྲུབ་པ་	VERB
ས་	གིས་	PART
རྣམ་པ་	རྣམ་པ་	NOUN
ར་	ལ་	PART
ཉེད་པ་	ཉེད་པ་	NO_POS
དང་	དང་	NO_POS
།		PUNCT
ངོ་བོ་	ངོ་བོ་	NOUN
དང་	དང་	NO_POS
ཁྱད་པར་	ཁྱད་པར་	NOUN
གཉིས་ཀ་	གཉིས་ཀ་	OTHER
རྫོགས་	རྫོགས་	VERB
ན་	ནས་	PART
རྐྱེན་	རྐྱེན་	NOUN
གྱི་	གི་	PART
བྱེད་པ་	བྱེད་པ་	VERB
དང་	དང་	NO_POS
བྲལ་བ་	བྲལ་བ་	VERB
ས་	གིས་	PART
མཚན་ཉིད་	མཚན་ཉིད་	NOUN
དང་	དང་	NO_POS
བྲལ་བ་	བྲལ་བ་	VERB
འོ་	གོ་	PART
། ༈ །		PUNCT
གཙོ་བོ་	གཙོ་བོ་	ADJ
ར་	ལ་	PART
ཉན་ཐོས་	ཉན་ཐོས་	NOUN
ལ་	ལ་	ADP
གྲགས་པ་	གྲགས་པ་	VERB
འཕགས་པ་	འཕགས་པ་	VERB
འི་	གི་	PART
སྤྱོད་ཡུལ་	སྤྱོད་ཡུལ་	NOUN
དུ་	ལ་	PART
གྱུར་པ་	གྱུར་པ་	VERB
བདེན་པ་	བདེན་པ་	VERB
བཞི་	བཞི་	NUM
ནི་	ནི་	NO_POS
།		PUNCT
འཁོར་བ་	འཁོར་བ་	NOUN
འི་	གི་	PART
ཚོར་བ་	ཚོར་བ་	VERB
ཡིད་	ཡིད་	NOUN
དུ་	ལ་	PART
མི་	མི་	PART
འོང་བ་	འོང་བ་	VERB
ས་	གིས་	PART
སྡུག་བསྔལ་བ་	སྡུག་བསྔལ་བ་	NOUN
དང་	དང་	NO_POS
།		PUNCT
དེ་	དེ་	DET
འི་	གི་	PART
རྒྱུ་ལ་	རྒྱུ་ལ་	NO_POS
ས་	གིས་	PART
དང་	དང་	NO_POS
ཉོན་མོངས་པ་	ཉོན་མོངས་པ་	NOUN
ཀུན་འབྱུང་བ་	ཀུན་འབྱུང་བ་	NOUN
དང་	དང་	NO_POS
།		PUNCT
ཉོན་མོངས་	ཉོན་མོངས་	NOUN
མེད་པ་	མེད་པ་	VERB
འི་	གི་	PART
སྡུག་བསྔལ་	སྡུག་བསྔལ་	NOUN
འགག་པ་	འགག་པ་	VERB
ར་	ལ་	PART
གྱུར་པ་	གྱུར་པ་	VERB
འགོག་པ་	འགོག་པ་	VERB
དང་	དང་	NO_POS
༑		PUNCT
དེ་	དེ་	DET
མངོན་དུ་	མངོན་དུ་	NO_POS
བྱེད་པ་	བྱེད་པ་	VERB
འི་	གི་	PART
ཐབས་ལམ་	ཐབས་ལམ་	NOUN
མོ་	མོ་	PRON
།༈།		PUNCT
གཙོ་བོ་	གཙོ་བོ་	ADJ
ར་	ལ་	PART
རྣལ་འབྱོར་	རྣལ་འབྱོར་	NOUN
གྱི་	གི་	PART
རྒྱུད་	རྒྱུད་	NOUN
ལ་	ལ་	ADP
གྲགས་པ་	གྲགས་པ་	VERB
འི་	གི་	PART
དེ་	དེ་	DET
ཁོ་ན་ཉིད་	ཁོ་ན་ཉིད་	NO_POS
བཞི་	བཞི་	NUM
ནི་	ནི་	NO_POS
།		PUNCT
ལྷ་	ལྷ་	NOUN
དམ་ཚིག་	དམ་ཚིག་	NOUN
སེམས་དཔའ་	སེམས་དཔའ་	NOUN
བསྐྱེད་པ་	བསྐྱེད་པ་	VERB
བདག་	བདག་	PRON
གི་	གི་	PART
དེ་	དེ་	DET
ཁོ་ན་	ཁོ་ན་	DET
དང་	དང་	NO_POS
།		PUNCT
ལུས་	ལུས་	NOUN
ལ་	ལ་	ADP
ཡི་གེ་	ཡི་གེ་	NOUN
འགོད་པ་	འགོད་པ་	VERB
སྔགས་	སྔགས་	NOUN
ཀྱི་	གི་	PART
དེ་	དེ་	DET
ཁོ་ན་	ཁོ་ན་	DET
དང་	དང་	NO_POS
།		PUNCT
ཡེ་ཤེས་པ་	ཡེ་ཤེས་པ་	NOUN
འཇུག་པ་	འཇུག་པ་	VERB
ལྷ་	ལྷ་	NOUN
འི་	གི་	PART
དེ་	དེ་	DET
ཁོ་ན་	ཁོ་ན་	DET
དང་	དང་	NO_POS
།		PUNCT
ལྷ་	ལྷ་	NOUN
འི་	གི་	PART
ཏིང་ངེ་འཛིན་	ཏིང་ངེ་འཛིན་	NOUN
སྐྱོང་བ་	སྐྱོང་བ་	VERB
ཡེ་ཤེས་	ཡེ་ཤེས་	NOUN
ཀྱི་	གི་	PART
དེ་	དེ་	DET
ཁོ་ན་ཉིད་	ཁོ་ན་ཉིད་	NO_POS
དོ་	གོ་	PART
། ༈ །		PUNCT
རྣལ་འབྱོར་	རྣལ་འབྱོར་	NOUN
ཆེན་པོ་	ཆེན་པོ་	ADJ
ལ་	ལ་	ADP
གྲགས་པ་	གྲགས་པ་	VERB
འི་	གི་	PART
དགའ་བ་	དགའ་བ་	VERB
བཞི་	བཞི་	NUM
ནི་	ནི་	NO_POS
།		PUNCT
དུས་	དུས་	NOUN
དང་པོ་	དང་པོ་	ADJ
ར་	ལ་	PART
རྩོལ་བ་	རྩོལ་བ་	VERB
ཆེ་	ཆེ་	VERB
ཞིང་	ཞིང་	SCONJ
བདེ་བ་	བདེ་བ་	VERB
ཆུང་བ་	ཆུང་བ་	VERB
ས་	གིས་	PART
དགའ་བ་	དགའ་བ་	VERB
དང་	དང་	NO_POS
།		PUNCT
དུས་	དུས་	NOUN
གཉིས་པ་	གཉིས་པ་	NUM
ར་	ལ་	PART
རྩོལ་བ་	རྩོལ་བ་	VERB
ཆུང་	ཆུང་	VERB
ཞིང་	ཞིང་	SCONJ
བདེ་བ་	བདེ་བ་	VERB
ཆེ་བ་	ཆེ་བ་	VERB
ས་	གིས་	PART
མཆོག་	མཆོག་	ADJ
ཏུ་	ལ་	PART
དགའ་བ་	དགའ་བ་	VERB
དང་	དང་	NO_POS
།		PUNCT
མྱོང་བ་	མྱོང་བ་	VERB
ར་	ལ་	PART
འདོད་པ་	འདོད་པ་	VERB
འི་	གི་	PART
ཆགས་པ་	ཆགས་པ་	VERB
དང་	དང་	NO_POS
བྲལ་བ་	བྲལ་བ་	VERB
ས་	གིས་	PART
དགའ་	དགའ་	VERB
བྲལ་	བྲལ་	VERB
གྱི་	གི་	PART
དགའ་བ་	དགའ་བ་	VERB
དང་	དང་	NO_POS
།		PUNCT
བདེ་སྟོང་	བདེ་སྟོང་	NOUN
ཟུང་	ཟུང་	VERB
དུ་	ལ་	PART
ཆུད་པ་	ཆུད་པ་	VERB
ས་	གིས་	PART
ལྷན་ཅིག་	ལྷན་ཅིག་	OTHER
སྐྱེས་པ་	སྐྱེས་པ་	VERB
འི་	གི་	PART
དགའ་བ་	དགའ་བ་	VERB
འོ་	གོ་	PART
། །		PUNCT
ཉན་ཐོས་	ཉན་ཐོས་	NOUN
ལ་	ལ་	ADP
གྲགས་པ་	གྲགས་པ་	VERB
སྤྱོད་པ་	སྤྱོད་པ་	VERB
འི་	གི་	PART
དབྱེ་བ་	དབྱེ་བ་	VERB
སྡེ་པ་	སྡེ་པ་	NOUN
བཞི་	བཞི་	NUM
ནི་	ནི་	NO_POS
།		PUNCT
རང་	རང་	PRON
གི་	གི་	PART
ཚུལ་	ཚུལ་	NOUN
ལུགས་	ལུགས་	NOUN
མི་འགྱུར་བ་	མི་འགྱུར་བ་	NO_POS
ར་	ལ་	PART
སྨྲ་བ་	སྨྲ་བ་	VERB
ས་	གིས་	PART
གནས་བརྟན་པ་	གནས་བརྟན་པ་	NOUN
དང་	དང་	NO_POS
།		PUNCT
ཤེས་བྱ་	ཤེས་བྱ་	VERB
གཞི་ལྔ་	གཞི་ལྔ་	NO_POS
དང་	དང་	NO_POS
དུས་གསུམ་	དུས་གསུམ་	OTHER
རྫ་	རྫ་	NOUN
སུ་	སུ་	ADP
ཡོད་པ་	ཡོད་པ་	VERB
ར་	ལ་	PART
སྨྲ་བ་	སྨྲ་བ་	VERB
ས་	གིས་	PART
ཐམས་ཅད་	ཐམས་ཅད་	DET
ཡོད་པ་	ཡོད་པ་	VERB
ར་	ལ་	PART
སྨྲ་བ་	སྨྲ་བ་	VERB
དང་	དང་	NO_POS
༑		PUNCT
རྒྱལ་པོ་	རྒྱལ་པོ་	NOUN
འི་	གི་	PART
བུ་	བུ་	NOUN
ལྷན་ཅིག་	ལྷན་ཅིག་	OTHER
ཚོགས་པ་	ཚོགས་པ་	VERB
ཀུན་	ཀུན་	DET
གྱིས་	གིས་	PART
བཀུར་བ་	བཀུར་བ་	VERB
ས་	གིས་	PART
ཀུན་	ཀུན་	DET
ཀྱིས་	གིས་	PART
བཀུར་བ་	བཀུར་བ་	VERB
དང་	དང་	NO_POS
།		PUNCT
ལྟ་སྤྱོད་	ལྟ་སྤྱོད་	NOUN
མཐུན་པ་	མཐུན་པ་	VERB
མང་	མང་	VERB
དུ་	ལ་	PART
འདུས་པ་	འདུས་པ་	VERB
ས་	གིས་	PART
དགེ་འདུན་	དགེ་འདུན་	NOUN
ཕལ་ཆེན་	ཕལ་ཆེན་	NO_POS
ནོ་	གོ་	PART
། ༈ །		PUNCT
དཔྲལ་བ་	དཔྲལ་བ་	NOUN
འི་	གི་	PART
གནས་	གནས་	NOUN
སུ་	སུ་	ADP
ཕ་ལ་	ཕ་ལ་	NO_POS
ས་	གིས་	PART
ཐོབ་པ་	ཐོབ་པ་	VERB
འི་	གི་	PART
ཐིག་ལེ་	ཐིག་ལེ་	NOUN
ཟླ་བ་	ཟླ་བ་	NOUN
དང་	དང་	NO_POS
ལྟེ་བ་	ལྟེ་བ་	NOUN
ར་	ལ་	PART
མ་ལ་	མ་ལ་	INTJ
ས་	གིས་	PART
ཐོབ་པ་	ཐོབ་པ་	VERB
འི་	གི་	PART
རཀྟ་		NON_WORD
ཉི་མ་	ཉི་མ་	NOUN
དང་	དང་	NO_POS
དེ་	དེ་	DET
གཉིས་	གཉིས་	NUM
ཀྱི་	གི་	PART
ནུས་པ་	ནུས་པ་	VERB
ས་	གིས་	PART
ཁམས་	ཁམས་	NOUN
ཐམས་ཅད་	ཐམས་ཅད་	DET
འབྱུང་	འབྱུང་	VERB
༑		PUNCT
གཡོན་	གཡོན་	NOUN
རྐྱང་མ་	རྐྱང་མ་	NO_POS
ན་	ནས་	PART
ཐིག་ལེ་	ཐིག་ལེ་	NOUN
ཨཱ་ལི་	ཨཱ་ལི་	NOUN
ལྟ་	ལྟ་	OTHER
འབབ་པ་	འབབ་པ་	VERB
དང་	དང་	NO_POS
།		PUNCT
གཡའ་	གཡའ་	NOUN
རོ་	རོ་	NOUN
མ་ནས་	མ་ནས་	NO_POS
རཀྟ་		NON_WORD
ཀཱ་ལི་	ཀཱ་ལི་	OTHER
ལྟ་	ལྟ་	OTHER
འབབ་	འབབ་	NO_POS
དང་	དང་	NO_POS
། ༈		PUNCT
ཉིན་ཞག་	ཉིན་ཞག་	NOUN
ཕྲུགས་	ཕྲུགས་	NO_POS
གཅིག་	གཅིག་	NUM
ལ་	ལ་	ADP
འཕོ་བ་	འཕོ་བ་	VERB
བཅུ་དྲུག་	བཅུ་དྲུག་	NO_POS
འཕོ་བ་	འཕོ་བ་	VERB
རེ་རེ་	རེ་རེ་	DET
ལ་	ལ་	ADP
དབུགས་	དབུགས་	NOUN
སྟོང་	སྟོང་	NUM
སུམ་བརྒྱ་	སུམ་བརྒྱ་	OTHER
ལྔ་	ལྔ་	NUM
བཅུ་	བཅུ་	NUM
དང་	དང་	NO_POS
།		PUNCT
དབྱུ་གུ་	དབྱུ་གུ་	NO_POS
རེ་རེ་	རེ་རེ་	DET
ལ་	ལ་	ADP
དབུགས་	དབུགས་	NOUN
སུམ་བརྒྱ་	སུམ་བརྒྱ་	OTHER
སོ་	སོ་	PART
ཕྱེད་	ཕྱེད་	NUM
དང་	དང་	NO_POS
བརྒྱད་	བརྒྱད་	NUM
དྲུག་ཅུ་	དྲུག་ཅུ་	NUM
རྩ་	རྩ་	NUM
བཞི་	བཞི་	NUM
དང་	དང་	NO_POS
།		PUNCT
ཆུ་ཚོད་	ཆུ་ཚོད་	NOUN
རེ་རེ་	རེ་རེ་	DET
ལ་	ལ་	ADP
དབུགས་	དབུགས་	NOUN
དྲུག་	དྲུག་	NUM
བརྒྱ་	བརྒྱ་	NUM
བདུན་ཅུ་	བདུན་ཅུ་	NO_POS
རྩ་	རྩ་	NUM
ལྔ་	ལྔ་	NUM
འོ་	གོ་	PART
།།		PUNCT
སུམ་ཅུ་རྩ་གཉིས་	སུམ་ཅུ་རྩ་གཉིས་	NO_POS
དང་	དང་	NO_POS
།		PUNCT
ཐུན་ཚོད་	ཐུན་ཚོད་	NO_POS
རེ་རེ་	རེ་རེ་	DET
ལ་	ལ་	ADP
དབུགས་	དབུགས་	NOUN
ལྔ་	ལྔ་	NUM
སྟོང་	སྟོང་	NUM
བཞི་	བཞི་	NUM
བརྒྱ་	བརྒྱ་	NUM
བཞི་	བཞི་	NUM
སྟེ་	སྟེ་	PART
།		PUNCT
དེ་ལྟ་	དེ་ལྟ་	NO_POS
ན་	ན་	ADP
ཐམས་ཅད་	ཐམས་ཅད་	DET
ཀྱང་	ཀྱང་	PART
འཁོར་ལོ་	འཁོར་ལོ་	NOUN
བཞི་	བཞི་	NUM
འི་	གི་	PART
རྣམ་གཞག་	རྣམ་གཞག་	NOUN
ལ་	ལ་	ADP
ས་	གིས་	PART
འབྱུང་བ་	འབྱུང་བ་	VERB
འོ་	གོ་	PART
། ༈ །		PUNCT
ལྟེ་བ་	ལྟེ་བ་	NOUN
ར་	ལ་	PART
དང་	དང་	NO_POS
གསང་གནས་	གསང་གནས་	NO_POS
གཏུམ་མོ་	གཏུམ་མོ་	NOUN
དང་	དང་	NO_POS
བསྲུབ་	བསྲུབ་	NO_POS
སྦྱོར་	སྦྱོར་	VERB
གྱི་	གི་	PART
མེ་	མེ་	NOUN
འབར་བ་	འབར་བ་	VERB
ཡི་	གིས་	PART
།		PUNCT
སྙིང་ཁ་	སྙིང་ཁ་	NOUN
འི་	གི་	PART
དེ་བཞིན་	དེ་བཞིན་	OTHER
གཤེགས་པ་	གཤེགས་པ་	VERB
རིགས་	རིགས་	NOUN
ལྔ་	ལྔ་	NUM
དང་	དང་	NO_POS
བདུད་རྩི་	བདུད་རྩི་	NOUN
ལྔ་	ལྔ་	NUM
བསྲེགས་	བསྲེགས་	NO_POS
ཤིང་	ཅིང་	PART
བཞུ་བ་	བཞུ་བ་	VERB
དང་	དང་	NO_POS
།		PUNCT
མགྲིན་པ་	མགྲིན་པ་	NOUN
འི་	གི་	PART
སྤྱན་	སྤྱན་	NOUN
ལ་སོགས་པ་	ལ་སོགས་པ་	NO_POS
བཞི་	བཞི་	NUM
དང་	དང་	NO_POS
།		PUNCT
ཡང་	ཀྱང་	PART
འབྱུང་བ་	འབྱུང་བ་	VERB
བཞི་	བཞི་	NUM
འི་	གི་	PART
དྭངས་མ་	དྭངས་མ་	ADJ
བསྲེགས་	བསྲེགས་	NO_POS
ཤིང་	ཅིང་	PART
བཞུ་	བཞུ་	NO_POS
ཏེ་	སྟེ་	PART
།		PUNCT
སྤྱི་བོ་	སྤྱི་བོ་	NOUN
འི་	གི་	PART
འཁོར་ལོ་	འཁོར་ལོ་	NOUN
བསྲེགས་པ་	བསྲེགས་པ་	VERB
ས་	གིས་	PART
རི་བོང་	རི་བོང་	NOUN
ཅན་	ཅན་	PART
ཐིག་ལེ་	ཐིག་ལེ་	NOUN
ཧྃ་		NON_WORD
ལ་	ལ་	ADP
ས་	གིས་	PART
རྐྱང་མ་	རྐྱང་མ་	NO_POS
ན་	ནས་	PART
འཛག་པ་	འཛག་པ་	VERB
ས་	གིས་	PART
འཁོར་ལོ་	འཁོར་ལོ་	NOUN
རྣམས་	རྣམས་	DET
གསོ་བ་	གསོ་བ་	VERB
དང་	དང་	NO_POS
ཡས་བབ་	ཡས་བབ་	NO_POS
ས་	གིས་	PART
ཀྱི་	གི་	PART
དགའ་བ་	དགའ་བ་	VERB
བཞི་	བཞི་	NUM
འབྱུང་	འབྱུང་	VERB
ངོ་	ངོ་	PART
། །		PUNCT
རྡོ་རྗེ་	རྡོ་རྗེ་	NOUN
ལྷན་ཅིག་	ལྷན་ཅིག་	OTHER
སྐྱེས་པ་	སྐྱེས་པ་	VERB
འི་	གི་	PART
ཡེ་ཤེས་	ཡེ་ཤེས་	NOUN
རིགས་	རིགས་	NOUN
དེ་	དེ་	DET
འབྱུང་བ་	འབྱུང་བ་	VERB
འི་	གི་	PART
རྟེན་	རྟེན་	NOUN
དང་	དང་	NO_POS
ཐབས་	ཐབས་	NOUN
ཀྱི་	གི་	PART
ལེའུ་	ལེའུ་	NOUN
སྟེ་	སྟེ་	PART
དང་པོ་	དང་པོ་	ADJ
ཤོ་ལོ་	ཤོ་ལོ་	NO_POS
ཀ་	ཀ་	DET
སུམ་ཅུ་	སུམ་ཅུ་	OTHER
སོ་	སོ་	PART
ལྔ་	ལྔ་	NUM
འོ་	འོ་	PART
།། །།༈		PUNCT
སྔགས་	སྔགས་	NOUN
ཀྱི་	གི་	PART
བཟླས་པ་	བཟླས་པ་	VERB
ས་	གིས་	PART
དངོས་གྲུབ་	དངོས་གྲུབ་	NOUN
སྒྲུབ་པ་	སྒྲུབ་པ་	VERB
འི་	གི་	PART
ལེའུ་	ལེའུ་	NOUN
བཤད་པ་	བཤད་པ་	VERB
ར་	ལ་	PART
བྱ་	བྱ་	VERB
འོ་	གོ་	PART
། །		PUNCT
ཨོཾ་	ཨོཾ་	X
ཨ་	ཨ་	X
ཨ་	ཨ་	X
འི་	གི་	PART
ཡི་གེ་	ཡི་གེ་	NOUN
ནི་	ནི་	NO_POS
གདོད་མ་	གདོད་མ་	OTHER
ན་	ནས་	PART
སྐྱེ་བ་	སྐྱེ་བ་	VERB
མེད་པ་	མེད་པ་	VERB
འི་	གི་	PART
ཕྱི་	ཕྱི་	OTHER
ཆོ་	ཆོ་	NOUN
ཐམས་ཅད་	ཐམས་ཅད་	DET
ཀྱི་	གི་	PART
སྒོ་	སྒོ་	NOUN
འོ་	གོ་	PART
།།		PUNCT
ཀཱ་	ཀཱ་	NO_POS
རོ་	རོ་	NOUN
མུ་	མུ་	NOUN
ཁཾ་		NON_WORD
སརྦ་	སརྦ་	NO_POS
དྷརྨཱ་		NON_WORD
ཎཱཾ་		NON_WORD
ཨཱདྱ་		NON_WORD
ནུཏྤནྣ་		NON_WORD
ཏྭཱ་		NON_WORD
ཏ་	ཏ་	OTHER
བདག་	བདག་	PRON
དང་	དང་	NO_POS
མགྲོན་	མགྲོན་	NOUN
དང་	དང་	NO_POS
གཏོར་མ་	གཏོར་མ་	NOUN
བྱིན་	བྱིན་	VERB
གྱིས་	གིས་	PART
བརླབ་པ་	བརླབ་པ་	VERB
འི་	གི་	PART
ཕྱི་	ཕྱི་	OTHER
ཨོཾ་	ཨོཾ་	X
ཨཱཿ་		NON_WORD
ཧཱུྃ་		NON_WORD
ངོ་	ངོ་	PART
།		PUNCT
ཕཊ་		NON_WORD
དགས་པ་	དགས་པ་	NO_POS
འོ་	གོ་	PART
།།		PUNCT
སྭཱ་		NON_WORD
ཧཱ་		NON_WORD
།		PUNCT
ཞི་བ་	ཞི་བ་	VERB
འོ་	གོ་	PART
།		PUNCT
འབྱུང་པོ་	འབྱུང་པོ་	NOUN
འཁོར་འདས་	འཁོར་འདས་	NOUN
ཐམས་ཅད་	ཐམས་ཅད་	DET
ཀྱི་	གི་	PART
གཏོར་མ་	གཏོར་མ་	NOUN
འི་	གི་	PART
སྔགས་	སྔགས་	NOUN
སོ་	སོ་	PART
། ༈ །		PUNCT
འདི་	འདི་	DET
ས་	གིས་	PART
སྙིང་ཁ་	སྙིང་ཁ་	NOUN
ལ་	ལ་	ADP
བརྟེན་པ་	བརྟེན་པ་	VERB
འི་	གི་	PART
ཐིག་ལེ་	ཐིག་ལེ་	NOUN
དང་	དང་	NO_POS
ཡི་གེ་	ཡི་གེ་	NOUN
འི་	གི་	PART
རྣལ་འབྱོར་	རྣལ་འབྱོར་	NOUN
ཡང་	ཀྱང་	PART
བསྟན་	བསྟན་	VERB
བྷྲཱུྃ་		NON_WORD
མེ་ལོང་	མེ་ལོང་	NOUN
།		PUNCT
ཨཱྃ་		NON_WORD
མཉམ་ཉིད་	མཉམ་ཉིད་	NOUN
།		PUNCT
ཛྲཱིཾ་		NON_WORD
སོ་སོ་	སོ་སོ་	PRON
ར་	ལ་	PART
།		PUNCT
ཁྃ་		NON_WORD
བྱ་	བྱ་	VERB
གྲུབ་	གྲུབ་	VERB
༑		PUNCT
ཧཱུྃ་		NON_WORD
ཆོ་	ཆོ་	NOUN
ཀྱི་	གི་	PART
དབྱིངས་	དབྱིངས་	NOUN
ཀྱི་	གི་	PART
ཡེ་ཤེས་	ཡེ་ཤེས་	NOUN
ཏེ་	སྟེ་	PART
།		PUNCT
ཡེ་ཤེས་	ཡེ་ཤེས་	NOUN
ལྔ་	ལྔ་	NUM
ར་	ལ་	PART
སངས་རྒྱས་	སངས་རྒྱས་	NOUN
ཐམས་ཅད་	ཐམས་ཅད་	DET
འདུས་པ་	འདུས་པ་	VERB
ས་	གིས་	PART
དེ་བཞིན་	དེ་བཞིན་	OTHER
གཤེགས་པ་	གཤེགས་པ་	VERB
རྣམས་	རྣམས་	DET
ཀྱི་	གི་	PART
ས་བོན་	ས་བོན་	NOUN
ནོ་	གོ་	PART
། ༈ །		PUNCT
ཨོཾ་	ཨོཾ་	X
དེ་ཝ་	དེ་ཝ་	X
ལྷ་	ལྷ་	NOUN
།		PUNCT
པི་	པི་	NO_POS
ཙུ་	ཙུ་	NO_POS
འཇམ་པོ་	འཇམ་པོ་	ADJ
།		PUNCT
བཛྲ་	བཛྲ་	NO_POS
རྡོ་རྗེ་	རྡོ་རྗེ་	NOUN
།		PUNCT
ཧཱུྃ་		NON_WORD
ཧཱུྃ་		NON_WORD
ཧཱུྃ་		NON_WORD
སྐུ་གསུང་ཐུགས་	སྐུ་གསུང་ཐུགས་	NOUN
།		PUNCT
ཕཊ་		NON_WORD
སྭཱ་		NON_WORD
ཧཱ་		NON_WORD
།		PUNCT
ཀྱེ་	ཀྱེ་	INTJ
འི་	གི་	PART
རྡོ་རྗེ་	རྡོ་རྗེ་	NOUN
ཕྱག་	ཕྱག་	NOUN
བཅུ་དྲུག་པ་	བཅུ་དྲུག་པ་	NO_POS
འི་	གི་	PART
སྙིང་པོ་	སྙིང་པོ་	NOUN
འོ་	གོ་	PART
། ༈ །		PUNCT
ས་བོན་	ས་བོན་	NOUN
དང་	དང་	NO_POS
མཚན་	མཚན་	NOUN
གྱི་	གི་	PART
སྔགས་	སྔགས་	NOUN
ཐམས་ཅད་	ཐམས་ཅད་	DET
ཀྱི་	གི་	PART
རྐང་པ་	རྐང་པ་	NOUN
འམ་	གམ་	PART
ཚིག་	ཚིག་	NOUN
གི་	གི་	PART
ར་	ར་	ADP
དང་པོ་	དང་པོ་	ADJ
ར་	ལ་	PART
ཨོཾ་	ཨོཾ་	X
གྱི་	གི་	PART
རྣམ་པ་	རྣམ་པ་	NOUN
ཀ་ར་	ཀ་ར་	OTHER
ལ་	ལ་	ADP
ས་	གིས་	PART
དྲངས་	དྲངས་	NO_POS
ན་	ན་	ADP
ཨ་	ཨ་	X
དང་	དང་	NO_POS
༑		PUNCT
སྔགས་	སྔགས་	NOUN
ཀྱི་	གི་	PART
མཐ་	མཐའ་	NOUN
ར་	ལ་	PART
ནི་	ནི་	NO_POS
སྭཱ་		NON_WORD
ཧཱ་		NON_WORD
དང་	དང་	NO_POS
ཧཱུྃ་		NON_WORD
ཕཊ་		NON_WORD
ཀྱི་	གི་	PART
རྣམ་པ་	རྣམ་པ་	NOUN
ནི་	ནི་	NO_POS
སྭཱ་		NON_WORD
ཧཱའི་		NON_WORD
ནང་	ནང་	NOUN
སྟེ་	སྟེ་	PART
གོང་	གོང་	NOUN
དུ་	ལ་	PART
གཞུག་	གཞུག་	VERB
གོ་	གོ་	VERB
དེ་	དེ་	DET
ས་	གིས་	PART
བཟླས་	བཟླས་	NO_POS
སྔགས་	སྔགས་	NOUN
སུ་	སུ་	ADP
འགྱུར་	འགྱུར་	VERB
། ༈		PUNCT
ཨོཾ་	ཨོཾ་	X
ཨ་	ཨ་	X
ཀ་	ཀ་	DET
ཙ་	ཙ་	NOUN
ཊ་	ཊ་	NO_POS
ཏ་པ་	ཏ་པ་	OTHER
ཡ་	ཡ་	NOUN
ཤ་	ཤ་	NOUN
འདི་	འདི་	DET
ས་	གིས་	PART
ལྟེ་བ་	ལྟེ་བ་	NOUN
འི་	གི་	PART
འཁོར་ལོ་	འཁོར་ལོ་	NOUN
བསྟན་	བསྟན་	VERB
སྭཱ་		NON_WORD
ཧཱ་		NON_WORD
།		PUNCT
བདག་མེད་	བདག་མེད་	ADJ
མ་	མ་	PART
འི་	གི་	PART
ལས་ཚོགས་	ལས་ཚོགས་	NOUN
།		PUNCT
སྙིང་ཁ་	སྙིང་ཁ་	NOUN
འི་	གི་	PART
འཁོར་ལོ་	འཁོར་ལོ་	NOUN
གྲོང་ཁྱེར་	གྲོང་ཁྱེར་	NOUN
དཀྲུག་པ་	དཀྲུག་པ་	NON_WORD
འམ་	གམ་	PART
དབང་	དབང་	NOUN
དུ་	ལ་	PART
བྱེད་པ་	བྱེད་པ་	VERB
འི་	གི་	PART
སྔགས་	སྔགས་	NOUN
སོ་	སོ་	PART
།		PUNCT
དེ་	དེ་	DET
གཉིས་	གཉིས་	NUM
ཀྱིས་	གིས་	PART
ལྟེ་བ་	ལྟེ་བ་	NOUN
དང་	དང་	NO_POS
སྙིང་ཁ་	སྙིང་ཁ་	NOUN
ཁ་སྦྱོར་	ཁ་སྦྱོར་	OTHER
གྱི་	གི་	PART
གཏུམ་མོ་	གཏུམ་མོ་	NOUN
འང་	ཀྱང་	PART
བསྟན་	བསྟན་	VERB
"།

༈"		PUNCT
ཨ་	ཨ་	X
ཨཱ་	ཨཱ་	NO_POS
ཨི་	ཨི་	NO_POS
ཨཱི་		NON_WORD
ཨུ་	ཨུ་	NO_POS
ཨཱུ་		NON_WORD
རྀ་		NON_WORD
རཱྀ་		NON_WORD
ལྀ་		NON_WORD
ལཱྀ་		NON_WORD
ཨེ་	ཨེ་	PART
ཨཻ་		NON_WORD
ཨོ་	ཨོ་	NO_POS
ཨཽ་		NON_WORD
ཨཾ་		NON_WORD
རིམ་པ་	རིམ་པ་	NOUN
བཞིན་	བཞིན་	NOUN
རྣལ་འབྱོར་	རྣལ་འབྱོར་	NOUN
མ་	མ་	PART
ལྷ་མོ་	ལྷ་མོ་	NOUN
བཅོ་ལྔ་	བཅོ་ལྔ་	NO_POS
རྣམས་	རྣམས་	DET
ཀྱི་	གི་	PART
ས་བོན་	ས་བོན་	NOUN
ཏེ་	སྟེ་	PART
གོང་	གོང་	NOUN
གི་	གི་	PART
དེ་ཉིད་	དེ་ཉིད་	NOUN
ལྔ་	ལྔ་	NUM
ས་	གིས་	PART
ཁྱད་པར་	ཁྱད་པར་	NOUN
དུ་	ལ་	PART
བྱ་	བྱ་	VERB
ན་	ནས་	PART
བཟླས་	བཟླས་	NO_POS
སྔགས་	སྔགས་	NOUN
སུ་	སུ་	ADP
འགྱུར་	འགྱུར་	VERB
རོ་	རོ་	NOUN
། ༈ །		PUNCT
ཨོཾ་	ཨོཾ་	X
ཏྲཻ་		NON_WORD
ལོཀྱ་		NON_WORD
ཨཱ་	ཨཱ་	NO_POS
ཀྵེ་པ་	ཀྵེ་པ་	NON_WORD
འཇིག་རྟེན་	འཇིག་རྟེན་	NOUN
གསུམ་	གསུམ་	NUM
ལ་	ལ་	ADP
སྨོད་པ་	སྨོད་པ་	VERB
།		PUNCT
ཧུཾ་		NON_WORD
ཧུཾ་		NON_WORD
ཧུཾ་		NON_WORD
སྐུ་གསུང་ཐུགས་	སྐུ་གསུང་ཐུགས་	NOUN
།		PUNCT
ཕཊ་		NON_WORD
སྭཱ་		NON_WORD
ཧཱ་		NON_WORD
།		PUNCT
སྐུ་རྡོ་རྗེ་	སྐུ་རྡོ་རྗེ་	NO_POS
ཕྱག་	ཕྱག་	NOUN
གཉིས་པ་	གཉིས་པ་	NUM
འི་	གི་	PART
འོ་	འོ་	PART
༑ ༑		PUNCT
ཨོཾ་	ཨོཾ་	X
ཛྭ་		NON_WORD
ལ་	ལ་	ADP
འབར་བ་	འབར་བ་	VERB
།		PUNCT
ཛྭ་		NON_WORD
ལ་	ལ་	ADP
འབར་བ་	འབར་བ་	VERB
།		PUNCT
བྷྱོ་		NON_WORD
ཀྱེ་	ཀྱེ་	INTJ
།		PUNCT
ཧུཾ་		NON_WORD
ཧུཾ་		NON_WORD
ཧུཾ་		NON_WORD
སྐུ་གསུང་ཐུགས་	སྐུ་གསུང་ཐུགས་	NOUN
།		PUNCT
ཕཊ་		NON_WORD
སྭཱ་		NON_WORD
ཧཱ་		NON_WORD
།		PUNCT
གསུང་	གསུང་	VERB
རྡོ་རྗེ་	རྡོ་རྗེ་	NOUN
ཕྱག་	ཕྱག་	NOUN
བཞི་པ་	བཞི་པ་	ADJ
འི་	གི་	PART
འོ་	འོ་	PART
། ༈ །		PUNCT
ཨོཾ་	ཨོཾ་	X
ཀི་	ཀི་	ADP
ཊི་		NON_WORD
ཆོམ་	ཆོམ་	NO_POS
།		PUNCT
ཀི་	ཀི་	ADP
ཊི་		NON_WORD
ཆོམ་	ཆོམ་	NO_POS
།		PUNCT
བཛྲ་	བཛྲ་	NO_POS
རྡོ་རྗེ་	རྡོ་རྗེ་	NOUN
།		PUNCT
ཧཱུྃ་		NON_WORD
ཧཱུྃ་		NON_WORD
ཧཱུྃ་		NON_WORD
སྐུ་གསུང་ཐུགས་	སྐུ་གསུང་ཐུགས་	NOUN
།		PUNCT
ཕཊ་		NON_WORD
སྭཱ་		NON_WORD
ཧཱ་		NON_WORD
།		PUNCT
ཐུགས་	ཐུགས་	NOUN
རྡོ་རྗེ་	རྡོ་རྗེ་	NOUN
ཕྱག་	ཕྱག་	NOUN
དྲུག་པ་	དྲུག་པ་	NUM
འིའོ་	འིའོ་	PART
། ༈ །		PUNCT
ཨོཾ་	ཨོཾ་	X
སྐུ་	སྐུ་	NOUN
།		PUNCT
ཨཱཿ་		NON_WORD
གསུང་	གསུང་	VERB
།		PUNCT
ཧཱུྃ་		NON_WORD
ཐུགས་	ཐུགས་	NOUN
།		PUNCT
སྐུ་	སྐུ་	NOUN
དང་	དང་	NO_POS
གསུང་	གསུང་	VERB
དང་	དང་	NO_POS
ཐུགས་	ཐུགས་	NOUN
བྱིན་	བྱིན་	VERB
གྱིས་	གིས་	PART
བརླབ་པ་	བརླབ་པ་	VERB
འི་	གི་	PART
སྔགས་	སྔགས་	NOUN
སོ་	སོ་	PART
། ༈ །		PUNCT
ཨོཾ་	ཨོཾ་	X
རཀྵ་		NON_WORD
སྲུངས་	སྲུངས་	VERB
།		PUNCT
རཀྵ་		NON_WORD
སྲུངས་	སྲུངས་	VERB
།		PUNCT
ཧཱུྃ་		NON_WORD
ཧཱུྃ་		NON_WORD
ཧཱུྃ་		NON_WORD
ཕཊ་		NON_WORD
སྭཱ་		NON_WORD
ཧཱ་		NON_WORD
།		PUNCT
ས་	ས་	ADP
སྦྱང་བ་	སྦྱང་བ་	VERB
དང་	དང་	NO_POS
བསྲུང་	བསྲུང་	NO_POS
།		PUNCT
བ་	བ་	X
འི་	གི་	PART
སྔགས་	སྔགས་	NOUN
སོ་	སོ་	PART
། ༈ །		PUNCT
ཨོཾ་	ཨོཾ་	X
ཧཱུྃ་		NON_WORD
སྭཱ་		NON_WORD
ཧཱ་		NON_WORD
།		PUNCT
དགྲ་བོ་	དགྲ་བོ་	NOUN
འི་	གི་	PART
ལུས་	ལུས་	NOUN
རེངས་པ་	རེངས་པ་	VERB
ར་	ལ་	PART
བྱེད་པ་	བྱེད་པ་	VERB
འི་	གི་	PART
འོ་	འོ་	PART
། །		PUNCT
ཨོཾ་	ཨོཾ་	X
ཨོཾ་	ཨོཾ་	X
སྭཱ་		NON_WORD
ཧཱ་		NON_WORD
།		PUNCT
བསྒྲུབ་བྱ་	བསྒྲུབ་བྱ་	VERB
དབང་	དབང་	NOUN
དུ་	ལ་	PART
བྱེད་པ་	བྱེད་པ་	VERB
འི་	གི་	PART
འོ་	འོ་	PART
། །		PUNCT
ཨོཾ་	ཨོཾ་	X
ཁྃ་		NON_WORD
སྭཱ་		NON_WORD
ཧཱ་		NON_WORD
།		PUNCT
དགྲ་བོ་	དགྲ་བོ་	NOUN
གནས་	གནས་	NOUN
གཞན་	གཞན་	DET
དུ་	ལ་	PART
སྐྲོད་པ་	སྐྲོད་པ་	VERB
ར་	ལ་	PART
བྱེད་པ་	བྱེད་པ་	VERB
འི་	གི་	PART
འོ་	འོ་	PART
། །		PUNCT
ཨོཾ་	ཨོཾ་	X
ཛྲཱིཾ་		NON_WORD
སྭཱ་		NON_WORD
ཧཱ་		NON_WORD
།		PUNCT
དགྲ་བོ་	དགྲ་བོ་	NOUN
ནང་	ནང་	NOUN
འབྱེད་པ་	འབྱེད་པ་	VERB
ས་	གིས་	PART
སྡང་བ་	སྡང་བ་	VERB
ར་	ལ་	PART
བྱེད་པ་	བྱེད་པ་	VERB
འི་	གི་	PART
འོ་	འོ་	PART
། །		PUNCT
ཨོཾ་	ཨོཾ་	X
བུཾ་		NON_WORD
སྭཱ་		NON_WORD
ཧཱ་		NON_WORD
།		PUNCT
དགྲ་བོ་	དགྲ་བོ་	NOUN
རིམས་	རིམས་	NOUN
ཀྱིས་	གིས་	PART
འདེབས་པ་	འདེབས་པ་	VERB
ལ་སོགས་པ་	ལ་སོགས་པ་	NO_POS
མངོན་སྤྱོད་	མངོན་སྤྱོད་	NO_POS
དོ་	གོ་	PART
། །		PUNCT
ཨོཾ་	ཨོཾ་	X
ཧཱུྃ་		NON_WORD
སྭཱ་		NON_WORD
ཧཱ་		NON_WORD
༑		PUNCT
སྒྲུབ་	སྒྲུབ་	VERB
བྱ་	བྱ་	VERB
འི་	གི་	PART
ལུས་	ལུས་	NOUN
རང་	རང་	PRON
གི་	གི་	PART
མདུན་	མདུན་	NOUN
དུ་	ལ་	PART
འགུགས་པ་	འགུགས་པ་	VERB
ར་	ལ་	PART
བྱེད་པ་	བྱེད་པ་	VERB
འི་	གི་	PART
འོ་	འོ་	PART
། །		PUNCT
ཨོཾ་	ཨོཾ་	X
གྷུཿ་		NON_WORD
སྭཱ་		NON_WORD
ཧཱ་		NON_WORD
།		PUNCT
དགྲ་བོ་	དགྲ་བོ་	NOUN
གསོད་པ་	གསོད་པ་	VERB
ར་	ལ་	PART
བྱེད་པ་	བྱེད་པ་	VERB
འི་	གི་	PART
འོ་	འོ་	PART
། །		PUNCT
ཨོཾ་	ཨོཾ་	X
ཀུ་རུ་	ཀུ་རུ་	NO_POS
ཀུ་	ཀུ་	NO_POS
རུལླེ་		NON_WORD
ཧྲཱིཿ་		NON_WORD
སྭཱ་		NON_WORD
ཧཱ་		NON_WORD
།		PUNCT
ཀུ་རུ་	ཀུ་རུ་	NO_POS
ཀུ་	ཀུ་	NO_POS
རུལླེ་		NON_WORD
རིག་བྱེད་	རིག་བྱེད་	PROPN
མ་	མ་	PART
འི་	གི་	PART
སྔགས་	སྔགས་	NOUN
སོ་	སོ་	PART
སྟེ་	སྟེ་	PART
འགྲོ་བ་	འགྲོ་བ་	VERB
དབང་	དབང་	NOUN
དུ་	ལ་	PART
བྱེད་པ་	བྱེད་པ་	VERB
འོ་	གོ་	PART
།		PUNCT
		
ཀ་	ཀ་	DET
		
།		PUNCT
		
ཇ་	ཇ་	OTHER
		
ཨ་ལ་		
མཐའ་	མཐའ་	NOUN
ཡ་		
ཕུཿ་		NON_WORD
འི་	འི་	ADP
རྣམ་པ་	རྣམ་པ་	NOUN
ས་	གིས་	PART
མཐའ་	མཐའ་	NOUN
ཡ་		
ཀྱི་	གི་	PART
སྐུ་	སྐུ་	NOUN
བསྐྱེད་	བསྐྱེད་	VERB
ལ་	ལ་	ADP
དེ་	དེ་	DET
འི་	གི་	PART
གཟུགས་བརྙན་	གཟུགས་བརྙན་	NOUN
ནི་	ནི་	NO_POS
ཀླུ་	ཀླུ་	NOUN
གནས་པ་	གནས་པ་	VERB
འི་	གི་	PART
ཆུ་མིག་	ཆུ་མིག་	NOUN
གི་	གི་	PART
འཇིམ་པ་	འཇིམ་པ་	NOUN
ལ་	ལ་	ADP
ས་	གིས་	PART
།		PUNCT
སྦྲུལ་མགོ་	སྦྲུལ་མགོ་	NO_POS
འི་	གི་	PART
གདེང་	གདེང་	NOUN
ཀ་	ཀ་	DET
བདུན་པ་	བདུན་པ་	NUM
ལག་པ་	ལག་པ་	NOUN
བཞི་པ་	བཞི་པ་	ADJ
།		PUNCT
གཡའ་	གཡའ་	NOUN
གཉིས་	གཉིས་	NUM
ན་	ན་	ADP
བདུད་རྩི་	བདུད་རྩི་	NOUN
འི་	གི་	PART
འབྲས་བུ་	འབྲས་བུ་	NOUN
དང་	དང་	NO_POS
རིན་པོ་ཆེ་	རིན་པོ་ཆེ་	ADJ
།		PUNCT
གཡོན་	གཡོན་	NOUN
གཉིས་	གཉིས་	NUM
ན་	ན་	ADP
པདྨ་	པདྨ་	NOUN
དང་	དང་	NO_POS
ཀ་པཱ་ལ་	ཀ་པཱ་ལ་	NOUN
འཛིན་པ་	འཛིན་པ་	VERB
།		PUNCT
རང་	རང་	PRON
དང་	དང་	NO_POS
འདྲ་བ་	འདྲ་བ་	VERB
འི་	གི་	PART
ཡུམ་	ཡུམ་	NOUN
མཐའ་	མཐའ་	NOUN
ཡ་		
མོ་	མོ་	VERB
གཡོན་	གཡོན་	NOUN
ན་	ནས་	PART
འཁྱུད་པ་	འཁྱུད་པ་	VERB
བྱ་	བྱ་	VERB
ལ་	ལ་	ADP
།		PUNCT
བདུད་རྩི་	བདུད་རྩི་	NOUN
འོ་མ་	འོ་མ་	NOUN
།		PUNCT
ཞོ་	ཞོ་	NOUN
།		PUNCT
མ་	མ་	NOUN
།		PUNCT
སྦྲང་རྩི་	སྦྲང་རྩི་	NOUN
།		PUNCT
ཀ་ར་	ཀ་ར་	OTHER
ལྔ་	ལྔ་	NUM
ས་	གིས་	PART
ནི་	ནི་	NO_POS
བླུགས་	བླུགས་	VERB
།		PUNCT
དུག་	དུག་	NOUN
མེད་པ་	མེད་པ་	VERB
འི་	གི་	PART
མེ་ཏོག་	མེ་ཏོག་	NOUN
ནག་པོ་	ནག་པོ་	ADJ
འམ་	གམ་	PART
སྔོན་པོ་	སྔོན་པོ་	ADJ
ས་	གིས་	PART
ནི་	ནི་	NO_POS
མཆོད་	མཆོད་	VERB
།		PUNCT
ཀླུ་	ཀླུ་	NOUN
འདུལ་བ་	འདུལ་བ་	VERB
ར་	ལ་	PART
བྱེད་པ་	བྱེད་པ་	VERB
འཁན་པ་	འཁན་པ་	NO_POS
འི་	གི་	PART
ཁུ་བ་	ཁུ་བ་	NOUN
ས་	གིས་	PART
ནི་	ནི་	NO_POS
བྱུག་	བྱུག་	VERB
གླང་པོ་ཆེ་	གླང་པོ་ཆེ་	NOUN
འི་	གི་	PART
རྣ་བ་	རྣ་བ་	NOUN
འི་	གི་	PART
རྔུལ་	རྔུལ་	NOUN
གྱི་	གི་	PART
ཆང་	ཆང་	NOUN
གིས་	གིས་	PART
ནི་	ནི་	NO_POS
མགོ་བོ་	མགོ་བོ་	NOUN
བྱུག་	བྱུག་	VERB
སོ་	སོ་	PART
བཏང་བ་	བཏང་བ་	VERB
འི་	གི་	PART
ཁམ་ཕོར་	ཁམ་ཕོར་	NO_POS
གསར་པ་	གསར་པ་	VERB
ཁ་སྦྱར་	ཁ་སྦྱར་	NO_POS
གྱི་	གི་	PART
ནང་	ནང་	NOUN
དུ་	ལ་	PART
ནི་	ནི་	NO_POS
གཞག་བ་	གཞག་བ་	VERB
ནག་མོ་	ནག་མོ་	ADJ
འི་	གི་	PART
འོ་མ་	འོ་མ་	NOUN
ས་	གིས་	PART
ནི་	ནི་	NO_POS
དགང་	དགང་	NO_POS
།		PUNCT
གྲོང་བ་	གྲོང་བ་	NOUN
འི་	གི་	PART
ཆོ་	ཆོ་	NOUN
ཀྱིས་	གིས་	PART
མ་	མ་	PART
ཕོག་པ་	ཕོག་པ་	VERB
འི་	གི་	PART
བུ་མོ་	བུ་མོ་	NOUN
གཞོན་ནུ་	གཞོན་ནུ་	ADJ
མ་	མ་	PART
ནག་མོ་	ནག་མོ་	ADJ
ས་	གིས་	PART
ཕྱིན་	ཕྱིན་	VERB
ཀ་	ཀ་	DET
ལོག་	ལོག་	VERB
ཏུ་	ལ་	PART
བཀལ་བ་	བཀལ་བ་	NO_POS
འི་	གི་	PART
སྐུད་པ་	སྐུད་པ་	VERB
ས་	གིས་	PART
ནི་	ནི་	NO_POS
རྒྱ་གྲམ་	རྒྱ་གྲམ་	NO_POS
དུ་	ལ་	PART
དཀྲི་	དཀྲི་	NO_POS
།		PUNCT
གྲོང་ཁྱེར་	གྲོང་ཁྱེར་	NOUN
གྱི་	གི་	PART
ནུབ་བྱང་	ནུབ་བྱང་	OTHER
		
ཁ་	ཁ་	PRON
		
རླུང་	རླུང་	NOUN
གི་	གི་	PART
ཕྱོགས་	ཕྱོགས་	NOUN
སུ་	སུ་	ADP
རྫིང་བུ་	རྫིང་བུ་	NOUN
བྱ་	བྱ་	VERB
ཏེ་	སྟེ་	PART
།		PUNCT
ཀླུ་	ཀླུ་	NOUN
མཐའ་	མཐའ་	NOUN
ཡ་		
ཀྱི་	གི་	PART
གཟུགས་བརྙན་	གཟུགས་བརྙན་	NOUN
ཡོད་པ་	ཡོད་པ་	VERB
འི་	གི་	PART
ཁམ་ཕོར་	ཁམ་ཕོར་	NO_POS
དེ་	དེ་	DET
ར་	ལ་	PART
མཉྫི་		NON_WORD
ལ་སོགས་པ་	ལ་སོགས་པ་	NO_POS
འི་	གི་	PART
སྟེང་	སྟེང་	NOUN
དུ་	ལ་	PART
གཞག་	གཞག་	VERB
ག་	ག་	PRON
།		PUNCT
དེ་	དེ་	DET
འི་	གི་	PART
མགྲམ་		NON_WORD
ནུབ་	ནུབ་	ADV
དུ་	ལ་	PART
དཀྱིལ་འཁོར་	དཀྱིལ་འཁོར་	NOUN
བཞེངས་པ་	བཞེངས་པ་	VERB
ར་	ལ་	PART
བྱ་	བྱ་	VERB
སྟེ་	སྟེ་	PART
།		PUNCT
		
ཅ་	ཅ་	OTHER
		
དུར་ཁྲོད་	དུར་ཁྲོད་	NOUN
ཀྱི་	གི་	PART
སོལ་བ་	སོལ་བ་	NOUN
ས་	གིས་	PART
ནི་	ནི་	NO_POS
རྡུལ་ཚོན་	རྡུལ་ཚོན་	NOUN
ནག་པོ་	ནག་པོ་	ADJ
།		PUNCT
སྐྱེས་པ་	སྐྱེས་པ་	VERB
འི་	གི་	PART
རུས་པ་	རུས་པ་	NOUN
འི་	གི་	PART
ཕྱེ་མ་	ཕྱེ་མ་	OTHER
ས་	གིས་	PART
ནི་	ནི་	NO_POS
རྡུལ་ཚོན་	རྡུལ་ཚོན་	NOUN
དཀར་པོ་	དཀར་པོ་	ADJ
། །		PUNCT
ལྡོང་རོས་	ལྡོང་རོས་	NOUN
ཀྱིས་	གིས་	PART
ནི་	ནི་	NO_POS
རྡུལ་ཚོན་	རྡུལ་ཚོན་	NOUN
སེར་པོ་	སེར་པོ་	ADJ
།		PUNCT
དུར་ཁྲོད་	དུར་ཁྲོད་	NOUN
ཀྱི་	གི་	PART
སོ་ཕག་	སོ་ཕག་	NO_POS
གིས་	གིས་	PART
ནི་	ནི་	NO_POS
རྡུལ་ཚོན་	རྡུལ་ཚོན་	NOUN
དམར་པོ་	དམར་པོ་	ADJ
།		PUNCT
རྐུན་མ་	རྐུན་མ་	NO_POS
འི་	གི་	PART
ཤིང་	ཅིང་	PART
གི་	གི་	PART
ལོ་མ་	ལོ་མ་	NOUN
དང་	དང་	NO_POS
སྐྱེས་པ་	སྐྱེས་པ་	VERB
འི་	གི་	PART
རུས་པ་	རུས་པ་	NOUN
འི་	གི་	PART
ཕྱེ་མ་	ཕྱེ་མ་	OTHER
དག་	དག་	DET
གིས་	གིས་	PART
ནི་	ནི་	NO_POS
རྡུལ་ཚོན་	རྡུལ་ཚོན་	NOUN
ལྗང་གུ་	ལྗང་གུ་	NO_POS
སྟེ་	སྟེ་	PART
།		PUNCT
རྡུལ་ཚོན་	རྡུལ་ཚོན་	NOUN
འདི་	འདི་	DET
རྣམས་	རྣམས་	DET
ཀྱིས་	གིས་	PART
དཀྱིལ་འཁོར་	དཀྱིལ་འཁོར་	NOUN
བཞེངས་	བཞེངས་	NO_POS
སོ་	སོ་	PART
། །		PUNCT
		
ང་	ང་	PRON
		
དུར་ཁྲོད་	དུར་ཁྲོད་	NOUN
ཀྱི་	གི་	PART
གནས་	གནས་	NOUN
ན་	ནས་	PART
བྱུང་བ་	བྱུང་བ་	VERB
འི་	གི་	PART
སྲད་བུ་	སྲད་བུ་	NO_POS
ས་	གིས་	PART
ཐིག་	ཐིག་	NOUN
གདབ་	གདབ་	NO_POS
ཅིང་	ཅིང་	PART
།		PUNCT
		
ག་	ག་	PRON
		
དཀྱིལ་འཁོར་	དཀྱིལ་འཁོར་	NOUN
ཁྲུ་	ཁྲུ་	NOUN
གསུམ་པ་	གསུམ་པ་	NUM
འི་	གི་	PART
ཚད་	ཚད་	NOUN
བྱ་	བྱ་	VERB
སྟེ་	སྟེ་	PART
།		PUNCT
		
ཆ་	ཆ་	NOUN
		
དེ་	དེ་	DET
འི་	གི་	PART
དབུ་	དབུ་	NOUN
སུ་	སུ་	ADP
ཀླུ་	ཀླུ་	NOUN
བརྒྱད་	བརྒྱད་	NUM
ལྷ་མོ་	ལྷ་མོ་	NOUN
བརྒྱད་	བརྒྱད་	NUM
ཀྱིས་	གིས་	PART
མནན་	མནན་	VERB
ཅིང་	ཅིང་	PART
དེ་	དེ་	DET
རྣམས་	རྣམས་	DET
ཀྱི་	གི་	PART
སྦྲུལ་	སྦྲུལ་	NOUN
མཇུག་	མཇུག་	NOUN
འཁྱིལ་བ་	འཁྱིལ་བ་	NO_POS
མཐའ་	མཐའ་	NOUN
ཡ་		
ཀྱིས་	གིས་	PART
དེ་	དེ་	DET
མནན་པ་	མནན་པ་	VERB
འི་	གི་	PART
ཀྱེ་	ཀྱེ་	INTJ
འི་	གི་	PART
རྡོ་རྗེ་	རྡོ་རྗེ་	NOUN
ཞལ་	ཞལ་	NOUN
བརྒྱད་པ་	བརྒྱད་པ་	NUM
།		PUNCT
ཞབས་	ཞབས་	NOUN
བཞི་པ་	བཞི་པ་	ADJ
།		PUNCT
ཕྱག་	ཕྱག་	NOUN
བཅུ་དྲུག་	བཅུ་དྲུག་	NO_POS
གིས་	གིས་	PART
བརྒྱན་པ་	བརྒྱན་པ་	VERB
།		PUNCT
སྤྱན་	སྤྱན་	NOUN
ཉི་ཤུ་	ཉི་ཤུ་	NUM
རྩ་	རྩ་	NUM
བཞི་	བཞི་	NUM
ས་	གིས་	PART
ཆེ་བ་	ཆེ་བ་	VERB
།		PUNCT
མཐའ་	མཐའ་	NOUN
ཡ་		
འཇིགས་པ་	འཇིགས་པ་	VERB
འང་	ཀྱང་	PART
འཇིགས་པ་	འཇིགས་པ་	VERB
ར་	ལ་	PART
མཛད་པ་	མཛད་པ་	VERB
བྲིའོ་		NON_WORD
།།		PUNCT
དེ་ནས་	དེ་ནས་	NO_POS
དཀྱིལ་འཁོར་	དཀྱིལ་འཁོར་	NOUN
དང་	དང་	NO_POS
ཀླུ་	ཀླུ་	NOUN
འི་	གི་	PART
རྟེན་	རྟེན་	NOUN
ཡན་ལག་	ཡན་ལག་	NOUN
བཞི་	བཞི་	NUM
རྫོགས་	རྫོགས་	VERB
སུ་	སུ་	ADP
བསྐྱེད་	བསྐྱེད་	VERB
ཅིང་	ཅིང་	PART
མཆོད་ནས་	མཆོད་ནས་	NO_POS
		
ཉ་	ཉ་	NOUN
		
དེ་ནས་	དེ་ནས་	NO_POS
སློབ་དཔོན་	སློབ་དཔོན་	NOUN
གྱིས་	གིས་	PART
མཐའ་	མཐའ་	NOUN
ཡ་		
འཁོར་བཅས་	འཁོར་བཅས་	ADJ
གཟི་	གཟི་	OTHER
ར་	ལ་	PART
ལ་ཆ་	ལ་ཆ་	PROPN
ར་	ལ་	PART
དབབ་བོ་	དབབ་བོ་	NO_POS
སྙམ་	སྙམ་	VERB
དུ་	ལ་	PART
ནང་	ནང་	NOUN
གི་	གི་	PART
མ་རུངས་པ་	མ་རུངས་པ་	NO_POS
འི་	གི་	PART
སེམས་	སེམས་	NOUN
ཀྱིས་	གིས་	PART
།		PUNCT
དབང་མ་	དབང་མ་	NO_POS
ཐོབ་པ་	ཐོབ་པ་	VERB
མེད་པ་	མེད་པ་	VERB
དབེན་པ་	དབེན་པ་	VERB
འི་	གི་	PART
གནས་	གནས་	NOUN
སུ་	སུ་	ADP
སྔགས་	སྔགས་	NOUN
བཟླ་	བཟླ་	NO_POS
སྟེ་	སྟེ་	PART
།		PUNCT
ཨོཾ་	ཨོཾ་	X
གྷུ་		NON_WORD
རུ་	ལ་	PART
གྷུ་		NON_WORD
རུ་	ལ་	PART
།		PUNCT
གྷུ་		NON_WORD
ཊུ་		NON_WORD
གྷུ་		NON_WORD
ཊུ་		NON_WORD
།		PUNCT
མ་	མ་	PART
ཤ་མ་	ཤ་མ་	NO_POS
ཤ་	ཤ་	NOUN
གྷ་		NON_WORD
ཊ་	ཊ་	NO_POS
གྷ་		NON_WORD
ཊ་	ཊ་	NO_POS
།		PUNCT
གྷོ་		NON_WORD
ཊ་	ཊ་	NO_POS
ཡ་	ཡ་	NOUN
གྷོ་		NON_WORD
ཊ་	ཊ་	NO_POS
ཡ་	ཡ་	NOUN
འདི་	འདི་	DET
ཡན་ཆད་	ཡན་ཆད་	ADV
གཟུངས་	གཟུངས་	NOUN
ཀྱི་	གི་	PART
ཚིག་	ཚིག་	NOUN
ཡིན་པ་	ཡིན་པ་	AUX
ས་	གིས་	PART
བསྒྱུར་	བསྒྱུར་	VERB
རྒྱུ་	རྒྱུ་	NOUN
མེད་	མེད་	VERB
།		PUNCT
ཨ་	ཨ་	X
ནནྟ་		NON_WORD
མཐའ་	མཐའ་	NOUN
ཡ་		
།		PUNCT
ཀྵོ་		NON_WORD
བྷ་	བྷ་	NO_POS
ཀཱ་	ཀཱ་	NO_POS
ར་	ར་	ADP
ཡ་	ཡ་	NOUN
བསྐྱོད་པ་	བསྐྱོད་པ་	VERB
ར་	ལ་	PART
གྱིས་	གིས་	PART
ལ་	ལ་	ADP
།		PUNCT
ནཱ་ག་	ནཱ་ག་	X
ཨ་	ཨ་	X
དྷི་པ་	དྷི་པ་	NON_WORD
ཏ་	ཏ་	OTHER
ཡེ་	ཡེ་	ADV
ཀླུ་	ཀླུ་	NOUN
རྣམས་	རྣམས་	DET
ཀྱི་	གི་	PART
བདག་པོ་	བདག་པོ་	NOUN
།		PUNCT
ཧེ་	ཧེ་	INTJ
ཧེ་	ཧེ་	INTJ
རུ་རུ་	རུ་རུ་	NO_POS
ཀྃ་		NON_WORD
ཧེ་རུ་ཀ་	ཧེ་རུ་ཀ་	NOUN
འི་	གི་	PART
བཀ་	བཀའ་	NOUN
ས་	གིས་	PART
།		PUNCT
སཔྟ་		NON_WORD
པཱ་	པཱ་	NO_POS
ཏཱ་ལ་	ཏཱ་ལ་	OTHER
ག་	ག་	PRON
ཏཱ་	ཏཱ་	NO_POS
ན་	ན་	ADP
ནཱ་ག་	ནཱ་ག་	X
རྐང་འོག་	རྐང་འོག་	NO_POS
རིམ་པ་	རིམ་པ་	NOUN
བདུན་	བདུན་	NUM
ལ་	ལ་	ADP
གནས་པ་	གནས་པ་	VERB
འི་	གི་	PART
ཀླུ་	ཀླུ་	NOUN
།		PUNCT
ཨཱ་	ཨཱ་	NO_POS
ཀརྵ་		NON_WORD
ཡ་	ཡ་	NOUN
ཁུགས་	ཁུགས་	NO_POS
ཤིག་	ཅིག་	PART
བརྵ་		NON_WORD
ཡ་	ཡ་	NOUN
ཕོབ་	ཕོབ་	VERB
ཅིག་	ཅིག་	PART
གརྫྫ་		NON_WORD
ཡ་	ཡ་	NOUN
སྒྲོགས་	སྒྲོགས་	VERB
ཤིག་	ཅིག་	PART
ཏརྫྫ་		NON_WORD
ཡ་	ཡ་	NOUN
གཏོགས་	གཏོགས་	VERB
ཤིག་	ཅིག་	PART
ཕུཿ་		NON_WORD
ཕུཿ་		NON_WORD
ཕུཿ་		NON_WORD
ཕུཿ་		NON_WORD
ཕུཿ་		NON_WORD
ཕུཿ་		NON_WORD
ཕུཿ་		NON_WORD
ཕུཿ་		NON_WORD
ཀླུ་	ཀླུ་	NOUN
བརྒྱད་	བརྒྱད་	NUM
ཀྱི་	གི་	PART
ས་བོན་	ས་བོན་	NOUN
།		PUNCT
ཧཱུྃ་		NON_WORD
ཧཱུྃ་		NON_WORD
ཧཱུྃ་		NON_WORD
ཕཊ་		NON_WORD
སྭཱ་		NON_WORD
ཧཱ་		NON_WORD
།		PUNCT
གལ་ཏེ་	གལ་ཏེ་	NO_POS
ཆ་	ཆ་	NOUN
ར་	ལ་	PART
མི་	མི་	PART
འབབ་	འབབ་	NO_POS
ན་	ན་	ADP
དེ་	དེ་	DET
འི་	གི་	PART
ཚེ་	ཚེ་	NOUN
སྔགས་	སྔགས་	NOUN
འདི་	འདི་	DET
ཡི་གེ་	ཡི་གེ་	NOUN
རེ་རེ་	རེ་རེ་	DET
ན་	ནས་	PART
བཟློག་	བཟློག་	VERB
ལ་	ལ་	ADP
བཟླ་	བཟླ་	NO_POS
སྟེ་	སྟེ་	PART
ཆ་	ཆ་	NOUN
ར་	ལ་	PART
འབབ་བོ་	འབབ་བོ་	NO_POS
། །		PUNCT
གལ་ཏེ་	གལ་ཏེ་	NO_POS
མི་	མི་	PART
འབབ་	འབབ་	NO_POS
ན་	ན་	ADP
དེ་	དེ་	DET
འི་	གི་	PART
ཚེ་	ཚེ་	NOUN
ཀླུ་	ཀླུ་	NOUN
འི་	གི་	PART
མགོ་	མགོ་	NOUN
ཨརྫ་		NON_WORD
ཀ་	ཀ་	DET
འི་	གི་	PART
རས་བལ་	རས་བལ་	NO_POS
གྱི་	གི་	PART
དོག་པ་	དོག་པ་	VERB
སྨིན་པ་	སྨིན་པ་	VERB
ལྟ་	ལྟ་	OTHER
འག་	འགའ་	DET
ས་	གིས་	PART
སོ་	སོ་	PART
། །		PUNCT
ཆ་	ཆ་	NOUN
ར་	ལ་	PART
དབབ་པ་	དབབ་པ་	VERB
ཞེ་	ཅེས་	PART
བྱ་བ་	བྱ་བ་	VERB
འི་	གི་	PART
ཆོ་ག་	ཆོ་ག་	NOUN
འོ་	གོ་	PART
། ༈ །		PUNCT
དེ་	དེ་	DET
འི་	གི་	PART
ཚེ་	ཚེ་	NOUN
འམ་	གམ་	PART
གཞན་	གཞན་	DET
དུ་	ལ་	PART
ཆ་	ཆ་	NOUN
ར་	ལ་	PART
ཆེ་	ཆེ་	VERB
ན་	ན་	ADP
གཅད་པ་	གཅད་པ་	NO_POS
འི་	གི་	PART
ཕྱི་	ཕྱི་	OTHER
སྤྲིན་	སྤྲིན་	NOUN
དྲལ་བ་	དྲལ་བ་	VERB
བཤད་	བཤད་	VERB
དེ་	དེ་	DET
།		PUNCT
དུར་ཁྲོད་	དུར་ཁྲོད་	NOUN
ཀྱི་	གི་	PART
རོ་	རོ་	NOUN
དཀྲིས་པ་	དཀྲིས་པ་	NON_WORD
འི་	གི་	PART
ར་	ར་	NOUN
ཕྱི་	ཕྱི་	NOUN
སྟན་	སྟན་	NOUN
ལ་ཉེ་	ལ་ཉེ་	NO_POS
བ་	བ་	NOUN
འདུག་	འདུག་	VERB
ན་	ནས་	PART
རང་	རང་	PRON
ཕྱག་	ཕྱག་	NOUN
གཉིས་པ་	གཉིས་པ་	NUM
འི་	གི་	PART
ང་རྒྱལ་	ང་རྒྱལ་	NOUN
གྱིས་	གིས་	PART
ཐལ་ཆེན་	ཐལ་ཆེན་	NO_POS
དང་	དང་	NO_POS
ཡུངས་དཀར་	ཡུངས་དཀར་	NOUN
གཏོང་	གཏོང་	VERB
ཞིང་	ཞིང་	SCONJ
སྔགས་	སྔགས་	NOUN
བཟླ་	བཟླ་	NO_POS
ཞིང་	ཞིང་	SCONJ
དྲལ་བ་	དྲལ་བ་	VERB
ར་	ལ་	PART
བསམས་	བསམས་	VERB
ཏེ་	སྟེ་	PART
།		PUNCT
ཨོཾ་	ཨོཾ་	X
ཨཱརྱ་	ཨཱརྱ་	NOUN
།		PUNCT
འཕགས་པ་	འཕགས་པ་	VERB
།		PUNCT
ཨཱརྱ་	ཨཱརྱ་	NOUN
།		PUNCT
འཕགས་པ་	འཕགས་པ་	VERB
།		PUNCT
ཤྨ་		NON_WORD
ཤཱ་	ཤཱ་	NO_POS
ན་	ན་	ADP
དུར་ཁྲོད་	དུར་ཁྲོད་	NOUN
ལ་	ལ་	ADP
།		PUNCT
པྲི་	པྲི་	NO_POS
ཡཱ་	ཡཱ་	NO_POS
ཡ་	ཡ་	NOUN
དགེས་པ་	དགེས་པ་	VERB
།		PUNCT
ཧཱུྃ་		NON_WORD
ཧཱུྃ་		NON_WORD
ཧཱུྃ་		NON_WORD
ཕཊ་		NON_WORD
།		PUNCT
སྤྲིན་	སྤྲིན་	NOUN
དྲལ་བ་	དྲལ་བ་	VERB
འི་	གི་	PART
ཆོ་ག་	ཆོ་ག་	NOUN
འོ་	གོ་	PART
། ༈ །		PUNCT
ཕ་རོལ་	ཕ་རོལ་	NOUN
གྱི་	གི་	PART
དམག་	དམག་	NOUN
གི་	གི་	PART
སྡེ་	སྡེ་	NOUN
རྣམ་པ་	རྣམ་པ་	NOUN
ར་	ལ་	PART
གཞིག་པ་	གཞིག་པ་	VERB
འི་	གི་	PART
ཕྱི་	ཕྱི་	OTHER
།		PUNCT
ཁ་	ཁ་	PRON
ཊི་		NON_WORD
ཀཱའི་		NON_WORD
ཐོད་	ཐོད་	NOUN
ལེ་	ལེ་	NO_POS
ཀོ་	ཀོ་	NO_POS
བསྒྲུབ་པ་	བསྒྲུབ་པ་	VERB
བཤད་	བཤད་	VERB
དེ་	དེ་	DET
།		PUNCT
ཁ་	ཁ་	PRON
ཊི་		NON_WORD
ཀཱ་	ཀཱ་	NO_POS
ཐོད་	ཐོད་	NOUN
ལེ་	ལེ་	NO_POS
ཀོ་	ཀོ་	NO_POS
དང་	དང་	NO_POS
ནང་	ནང་	NOUN
གི་	གི་	PART
བདུད་རྩི་	བདུད་རྩི་	NOUN
ལྔ་	ལྔ་	NUM
དང་	དང་	NO_POS
།		PUNCT
རྩ་	རྩ་	NUM
ལོང་	ལོང་	VERB
རྡོལ་བ་	རྡོལ་བ་	VERB
ཀུ་	ཀུ་	NO_POS
ཋཱ་		NON_WORD
ར་	ར་	ADP
ཙྪིནྣ་		NON_WORD
དང་	དང་	NO_POS
ལྷན་ཅིག་	ལྷན་ཅིག་	OTHER
བཏགས་	བཏགས་	VERB
ལ་	ལ་	ADP
རི་ལུ་	རི་ལུ་	NO_POS
བྱ་	བྱ་	VERB
ཏེ་	སྟེ་	PART
སྒྲུབ་པ་	སྒྲུབ་པ་	VERB
འི་	གི་	PART
མཎྜལ་		NON_WORD
གྱི་	གི་	PART
སྟེང་	སྟེང་	NOUN
དུ་	ལ་	PART
བཞག་པ་	བཞག་པ་	VERB
ཧེ་རུ་ཀ་	ཧེ་རུ་ཀ་	NOUN
གང་རུང་	གང་རུང་	NOUN
དུ་	ལ་	PART
ཡན་ལག་	ཡན་ལག་	NOUN
བཞི་	བཞི་	NUM
རྫོགས་	རྫོགས་	VERB
སུ་	སུ་	ADP
བསྐྱེད་	བསྐྱེད་	VERB
ན་	ནས་	PART
དེ་	དེ་	DET
བྱིན་	བྱིན་	VERB
གྱིས་	གིས་	PART
རློབ་པ་	རློབ་པ་	NO_POS
འི་	གི་	PART
།		PUNCT
སྔགས་	སྔགས་	NOUN
ནི་	ནི་	NO_POS
།		PUNCT
ཨོཾ་	ཨོཾ་	X
བཛྲ་	བཛྲ་	NO_POS
རྡོ་རྗེ་	རྡོ་རྗེ་	NOUN
།		PUNCT
ཀརྟཱ་		NON_WORD
རི་	རི་	NOUN
གྲི་གུག་	གྲི་གུག་	NOUN
ཧེ་	ཧེ་	INTJ
བཛྲཱ་		NON_WORD
ཡ་	ཡ་	NOUN
ཀྱེ་	ཀྱེ་	INTJ
འི་	གི་	PART
རྡོ་རྗེ་	རྡོ་རྗེ་	NOUN
འི་	གི་	PART
བཀ་	བཀའ་	NOUN
ས་	གིས་	PART
།		PUNCT
ཧཱུྃ་		NON_WORD
ཧཱུྃ་		NON_WORD
ཧཱུྃ་		NON_WORD
ཕཊ་		NON_WORD
སྭཱ་		NON_WORD
ཧཱ་		NON_WORD
།		PUNCT
དངོས་གྲུབ་	དངོས་གྲུབ་	NOUN
ཀྱི་	གི་	PART
དོན་	དོན་	NOUN
དུ་	ལ་	PART
བསྒྲུབ་པ་	བསྒྲུབ་པ་	VERB
འི་	གི་	PART
ལ་	ལ་	ADP
ས་	གིས་	PART
སྦྱོར་	སྦྱོར་	VERB
གྱི་	གི་	PART
ཚེ་	ཚེ་	NOUN
བྱེ་བ་	བྱེ་བ་	NOUN
བཟླས་	བཟླས་	NO_POS
ཤིང་	ཅིང་	PART
།		PUNCT
དེ་	དེ་	DET
འི་	གི་	PART
སྔོན་	སྔོན་	ADV
དུ་	ལ་	PART
བསྙེན་པ་	བསྙེན་པ་	VERB
འབུམ་	འབུམ་	NUM
བྱ་	བྱ་	VERB
ཏེ་	སྟེ་	PART
།		PUNCT
རི་ལུ་	རི་ལུ་	NO_POS
དེ་	དེ་	DET
བསྒྲུབས་	བསྒྲུབས་	VERB
ལ་	ལ་	ADP
གྲུབ་པ་	གྲུབ་པ་	VERB
འི་	གི་	PART
རྟགས་	རྟགས་	NOUN
སྒྲ་	སྒྲ་	NOUN
འོད་	འོད་	NOUN
ལ་སོགས་པ་	ལ་སོགས་པ་	NO_POS
བྱུང་བ་	བྱུང་བ་	VERB
འི་	གི་	PART
ཚེ་རིལ་བ་	ཚེ་རིལ་བ་	NO_POS
སྤྱི་བླུགས་	སྤྱི་བླུགས་	NO_POS
ཀྱི་	གི་	PART
མགྲིན་པ་	མགྲིན་པ་	NOUN
ར་	ལ་	PART
ལན་	ལན་	NOUN
གཉིས་	གཉིས་	NUM
སུ་	སུ་	ADP
བསྐོར་	བསྐོར་	VERB
ཞིང་	ཞིང་	SCONJ
༑		PUNCT
བསྐོར་བ་	བསྐོར་བ་	VERB
འི་	གི་	PART
བ་	བ་	NOUN
ན་	ནས་	PART
བཅག་	བཅག་	VERB
ན་	ན་	ADP
དགྲ་	དགྲ་	NOUN
ཐམས་ཅད་	ཐམས་ཅད་	DET
ཀྱི་	གི་	PART
མགོ་	མགོ་	NOUN
མེད་པ་	མེད་པ་	VERB
ར་	ལ་	PART
འགྱུར་	འགྱུར་	VERB
རོ་	རོ་	NOUN
།།		PUNCT
རྡོ་རྗེ་	རྡོ་རྗེ་	NOUN
གྲི་གུག་	གྲི་གུག་	NOUN
གི་	གི་	PART
ཆོ་ག་	ཆོ་ག་	NOUN
འམ་	གམ་	PART
སྡེ་	སྡེ་	NOUN
རེངས་པ་	རེངས་པ་	VERB
འདི་	འདི་	DET
སློབ་དཔོན་	སློབ་དཔོན་	NOUN
མཚོ་སྐྱེས་	མཚོ་སྐྱེས་	OTHER
ཀྱིས་	གིས་	PART
མཛད་	མཛད་	VERB
གསུང་	གསུང་	VERB
འོ་	འོ་	PART
། །		PUNCT
འཇིག་རྟེན་པ་	འཇིག་རྟེན་པ་	NOUN
འི་	གི་	PART
ལྷ་རྟེན་	ལྷ་རྟེན་	NOUN
རྣམས་	རྣམས་	DET
དགས་པ་	དགས་པ་	NO_POS
ར་	ལ་	PART
འདོད་པ་	འདོད་པ་	VERB
ས་	གིས་	PART
།		PUNCT
ཐིག་ལེ་	ཐིག་ལེ་	NOUN
བསྒྲུབ་པ་	བསྒྲུབ་པ་	VERB
ར་	ལ་	PART
བྱ་	བྱ་	VERB
སྟེ་	སྟེ་	PART
།		PUNCT
པ་ལ་ཤ་	པ་ལ་ཤ་	NO_POS
ཚངས་པ་	ཚངས་པ་	PROPN
འི་	གི་	PART
སྐར་མ་	སྐར་མ་	NOUN
རྒྱལ་	རྒྱལ་	VERB
ལ་	ལ་	ADP
ས་བོན་	ས་བོན་	NOUN
བཏབ་	བཏབ་	VERB
ཕྱི་	ཕྱི་	VERB
སྨིན་པ་	སྨིན་པ་	VERB
འང་	ཀྱང་	PART
སྐར་མ་	སྐར་མ་	NOUN
རྒྱལ་	རྒྱལ་	VERB
ལ་	ལ་	ADP
བླངས་པ་	བླངས་པ་	VERB
བསྒྲུབས་	བསྒྲུབས་	VERB
ན་	ནས་	PART
༑		PUNCT
རྩ་	རྩ་	NUM
ལོང་	ལོང་	VERB
རྡོལ་	རྡོལ་	NO_POS
ཀུ་	ཀུ་	NO_POS
ཋཱ་		NON_WORD
ར་	ར་	ADP
ཙྪིནྣ་		NON_WORD
དང་	དང་	NO_POS
བསྲེས་	བསྲེས་	NO_POS
ལ་	ལ་	ADP
ཉི་མ་	ཉི་མ་	NOUN
གཟ་	གཟའ་	NOUN
ས་	གིས་	PART
ཟིན་པ་	ཟིན་པ་	VERB
འི་	གི་	PART
ཚེ་	ཚེ་	NOUN
ལ་	ལ་	ADP
རང་	རང་	PRON
གི་	གི་	PART
མི་བསྐྱོད་པ་	མི་བསྐྱོད་པ་	NO_POS
དང་	དང་	NO_POS
བཏགས་	བཏགས་	VERB
ཅིང་	ཅིང་	PART
།		PUNCT
བཏགས་	བཏགས་	VERB
ན་	ནས་	PART
དགྲ་	དགྲ་	NOUN
སྟྭ་		NON_WORD
བྱ་	བྱ་	VERB
ཏེ་	སྟེ་	PART
།		PUNCT
སྔ་མ་	སྔ་མ་	ADJ
བཞིན་	བཞིན་	NOUN
བསྒྲུབས་	བསྒྲུབས་	VERB
ན་	ནས་	PART
གྲུབ་པ་	གྲུབ་པ་	VERB
འི་	གི་	PART
རྟགས་	རྟགས་	NOUN
བྱུང་བ་	བྱུང་བ་	VERB
འི་	གི་	PART
ཚེ་	ཚེ་	NOUN
དགྲ་	དགྲ་	NOUN
སྟྭ་		NON_WORD
དེ་	དེ་	DET
རང་	རང་	PRON
གི་	གི་	PART
རྐང་པ་	རྐང་པ་	NOUN
ས་	གིས་	PART
མནན་	མནན་	VERB
ན་	ནས་	PART
བསྔགས་	བསྔགས་	VERB
བཟླ་	བཟླ་	NO_POS
སྟེ་	སྟེ་	PART
།		PUNCT
ཨོཾ་	ཨོཾ་	X
བཛྲ་	བཛྲ་	NO_POS
རྡོ་རྗེ་	རྡོ་རྗེ་	NOUN
།		PUNCT
ཀུ་	ཀུ་	NO_POS
ཋཱ་		NON_WORD
ར་	ར་	ADP
དགྲ་	དགྲ་	NOUN
སྟྭ་		NON_WORD
།		PUNCT
པཱཊ་		NON_WORD
ཡ་	ཡ་	NOUN
ཁོ་	ཁོ་	VERB
།		PUNCT
པཱཊ་		NON_WORD
ཡ་	ཡ་	NOUN
ཁོ་	ཁོ་	VERB
།		PUNCT
ཧཱུྃ་		NON_WORD
ཧཱུྃ་		NON_WORD
ཧཱུྃ་		NON_WORD
ཕཊ་		NON_WORD
སྭཱ་		NON_WORD
ཧཱ་		NON_WORD
།		PUNCT
སྒྲུབ་པ་	སྒྲུབ་པ་	VERB
འི་	གི་	PART
ཚེ་	ཚེ་	NOUN
བྱེ་བ་	བྱེ་བ་	NOUN
བཟླས་	བཟླས་	NO_POS
ན་	ནས་	PART
གྲུབ་པ་	གྲུབ་པ་	VERB
འི་	གི་	PART
ཚེ་	ཚེ་	NOUN
དཔྲལ་བ་	དཔྲལ་བ་	NOUN
ར་	ལ་	PART
དགྲ་	དགྲ་	NOUN
སྟྭ་		NON_WORD
ལྟ་བུ་	ལྟ་བུ་	NOUN
འི་	གི་	PART
ཐིག་ལེ་	ཐིག་ལེ་	NOUN
བྱ་	བྱ་	VERB
ཏེ་	སྟེ་	PART
།		PUNCT
དགས་པ་	དགས་པ་	NO_POS
འི་	གི་	PART
བསམ་པ་	བསམ་པ་	VERB
ས་	གིས་	PART
གང་	གང་	NO_POS
ལ་	ལ་	ADP
ཕྱག་	ཕྱག་	NOUN
བྱས་པ་	བྱས་པ་	VERB
དེ་	དེ་	DET
འག་	འགའ་	DET
ས་	གིས་	PART
སོ་	སོ་	PART
། །		PUNCT
ལྷ་	ལྷ་	NOUN
དགས་པ་	དགས་པ་	NO_POS
འི་	གི་	PART
ཆོ་ག་	ཆོ་ག་	NOUN
སློབ་དཔོན་	སློབ་དཔོན་	NOUN
བིརྺ་པ་	བིརྺ་པ་	NON_WORD
ས་	གིས་	PART
མཛད་པ་	མཛད་པ་	VERB
འོ་	འོ་	PART
༑ ༑		PUNCT
དགྲ་བོ་	དགྲ་བོ་	NOUN
ཚ་བ་	ཚ་བ་	VERB
འི་	གི་	PART
རིམས་	རིམས་	NOUN
ཀྱིས་	གིས་	PART
གདུང་བ་	གདུང་བ་	VERB
ར་	ལ་	PART
བྱ་བ་	བྱ་བ་	VERB
ར་	ལ་	PART
འདོད་པ་	འདོད་པ་	VERB
ས་	གིས་	PART
ཤིང་	ཅིང་	PART
ཨརྐའི་		NON_WORD
ལོ་མ་	ལོ་མ་	NOUN
རླུང་	རླུང་	NOUN
གིས་	གིས་	PART
ཁྱེར་བ་	ཁྱེར་བ་	VERB
ལ་	ལ་	ADP
བཙན་དུག་	བཙན་དུག་	NOUN
དང་	དང་	NO_POS
།		PUNCT
སྐེ་ཚེ་	སྐེ་ཚེ་	NO_POS
དང་	དང་	NO_POS
།		PUNCT
རྒྱ་སྐྱེགས་	རྒྱ་སྐྱེགས་	NOUN
ཙི་ཏྲ་ཀ་	ཙི་ཏྲ་ཀ་	NO_POS
འི་	གི་	PART
ཁུ་བ་	ཁུ་བ་	NOUN
ས་	གིས་	PART
དགྲ་	དགྲ་	NOUN
འི་	གི་	PART
མིང་	མིང་	NOUN
བྲི་	བྲི་	NO_POS
ཞིང་	ཞིང་	SCONJ
༑		PUNCT
དེ་	དེ་	DET
ལ་	ལ་	ADP
རྣམ་ཤེས་	རྣམ་ཤེས་	NOUN
དགུག་གཞུག་	དགུག་གཞུག་	NO_POS
བྱ་	བྱ་	VERB
ན་	ནས་	PART
འབྲས་	འབྲས་	NOUN
ཕུབ་	ཕུབ་	VERB
ཀྱི་	གི་	PART
མེ་མདག་	མེ་མདག་	NO_POS
ལ་	ལ་	ADP
གདུངས་	གདུངས་	NO_POS
ཏེ་	སྟེ་	PART
།		PUNCT
སྔགས་	སྔགས་	NOUN
ཁྲི་	ཁྲི་	NUM
བཟླས་	བཟླས་	NO_POS
སོ་	སོ་	PART
། །		PUNCT
ཨོཾ་	ཨོཾ་	X
ཧེ་	ཧེ་	INTJ
བཛྲ་	བཛྲ་	NO_POS
ཀྱེ་	ཀྱེ་	INTJ
འི་	གི་	PART
རྡོ་རྗེ་	རྡོ་རྗེ་	NOUN
ས་	གིས་	PART
།		PUNCT
ཛྭ་		NON_WORD
ར་	ར་	ADP
རིམས་	རིམས་	NOUN
།		PUNCT
ཛཱ་	ཛཱ་	NO_POS
ར་	ར་	ADP
།		PUNCT
རིམས་	རིམས་	NOUN
།		PUNCT
ཤ་	ཤ་	NOUN
ཏྲཱུྃ་		NON_WORD
བྷྲཱུྃ་		NON_WORD
དགྲ་བོ་	དགྲ་བོ་	NOUN
ར་	ལ་	PART
ཐོབ་	ཐོབ་	VERB
ཅིག་	ཅིག་	PART
ཧཱུྃ་		NON_WORD
ཧཱུྃ་		NON_WORD
ཧཱུྃ་		NON_WORD
ཕཊ་		NON_WORD
སྭཱ་		NON_WORD
ཧཱ་		NON_WORD
།		PUNCT
ཚ་བ་	ཚ་བ་	VERB
འི་	གི་	PART
ཆོ་ག་	ཆོ་ག་	NOUN
འོ་	གོ་	PART
། །		PUNCT
བསྙེན་པ་	བསྙེན་པ་	VERB
ཁྲི་	ཁྲི་	NUM
བཟླས་པ་	བཟླས་པ་	VERB
ས་	གིས་	PART
འགྲུབ་པ་	འགྲུབ་པ་	VERB
འོ་	གོ་	PART
༑༑ ༈		PUNCT
བསྒྲུབ་བྱ་	བསྒྲུབ་བྱ་	VERB
ཆང་	ཆང་	NOUN
སྐྱུག་པ་	སྐྱུག་པ་	VERB
ར་	ལ་	PART
བྱ་བ་	བྱ་བ་	VERB
ར་	ལ་	PART
འདོད་པ་	འདོད་པ་	VERB
ས་	གིས་	PART
།		PUNCT
བསྒྲུབ་བྱ་	བསྒྲུབ་བྱ་	VERB
འི་	གི་	PART
ལྟེ་བ་	ལྟེ་བ་	NOUN
ར་	ལ་	PART
ཡྃ་		NON_WORD
གི་	གི་	PART
རྣམ་པ་	རྣམ་པ་	NOUN
ར་	ལ་	PART
བསྒོམ་	བསྒོམ་	VERB
ཞིང་	ཞིང་	SCONJ
དེ་	དེ་	DET
ཞུ་བ་	ཞུ་བ་	VERB
ལ་	ལ་	ADP
ས་	གིས་	PART
རླུང་	རླུང་	NOUN
གི་	གི་	PART
དཀྱིལ་འཁོར་	དཀྱིལ་འཁོར་	NOUN
།		PUNCT
དེ་	དེ་	DET
འི་	གི་	PART
སྟེང་	སྟེང་	NOUN
དུ་	ལ་	PART
མྃ་		NON_WORD
གི་	གི་	PART
རྣམ་པ་	རྣམ་པ་	NOUN
ཡོངས་སུ་	ཡོངས་སུ་	NO_POS
གྱུར་པ་	གྱུར་པ་	VERB
ལ་	ལ་	ADP
ས་	གིས་	PART
ཆང་	ཆང་	NOUN
ལྟོ་བ་	ལྟོ་བ་	NOUN
ར་	ལ་	PART
བསྒོམས་	བསྒོམས་	VERB
ཏེ་	སྟེ་	PART
།		PUNCT
རླུང་	རླུང་	NOUN
གཡོས་པ་	གཡོས་པ་	VERB
ས་	གིས་	PART
ཆང་	ཆང་	NOUN
སྐྱུག་པ་	སྐྱུག་པ་	VERB
ར་	ལ་	PART
བྱེད་པ་	བྱེད་པ་	VERB
ར་	ལ་	PART
བསམ་	བསམ་	NOUN
ཞིང་	ཞིང་	ADP
དེ་ལྟ་	དེ་ལྟ་	NO_POS
མིག་	མིག་	NOUN
གིས་	གིས་	PART
ཀྱང་	ཀྱང་	PART
བལྟ་	བལྟ་	VERB
ན་	ན་	ADP
ཆང་	ཆང་	NOUN
སྐྱུག་	སྐྱུག་	VERB
གོ་	གོ་	VERB
འདི་	འདི་	DET
བྲམ་ཟེ་	བྲམ་ཟེ་	NOUN
དཔལ་	དཔལ་	OTHER
འཛིན་	འཛིན་	VERB
གྱིས་	གིས་	PART
མཛད་	མཛད་	VERB
ཟེ་	ཟེ་	VERB
། ༈		PUNCT
བུད་མེད་	བུད་མེད་	NOUN
རབ་ཏུ་	རབ་ཏུ་	NO_POS
མྱོས་མ་	མྱོས་མ་	NO_POS
དབང་	དབང་	NOUN
དུ་	ལ་	PART
བྱ་བ་	བྱ་བ་	VERB
ར་	ལ་	PART
འདོད་པ་	འདོད་པ་	VERB
ས་	གིས་	PART
།		PUNCT
མྱ་ངན་མེད་པ་	མྱ་ངན་མེད་པ་	PROPN
དཔྱིད་ཟླ་	དཔྱིད་ཟླ་	NOUN
ར་བ་	ར་བ་	NOUN
འི་	གི་	PART
ཚེ་	ཚེ་	NOUN
བརྒྱད་	བརྒྱད་	NUM
ལ་	ལ་	ADP
།		PUNCT
མྱ་ངན་མེད་པ་	མྱ་ངན་མེད་པ་	PROPN
ཤིང་	ཅིང་	PART
ཨ་	ཨ་	X
ཤོ་	ཤོ་	NOUN
ཀ་	ཀ་	DET
འི་	འི་	ADP
འོག་	འོག་	NOUN
ཏུ་	ལ་	PART
སོང་	སོང་	VERB
སྟེ་	སྟེ་	PART
།		PUNCT
གོ་	གོ་	NOUN
དམར་པོ་	དམར་པོ་	ADJ
བགོས་	བགོས་	VERB
ན་	ནས་	PART
མྱོས་བྱེད་	མྱོས་བྱེད་	NO_POS
ཀྱི་	གི་	PART
འབྲས་བུ་པོ་	འབྲས་བུ་པོ་	NOUN
སོན་	སོན་	VERB
ཆ་	ཆ་	NOUN
བཟའ་	བཟའ་	NOUN
ཞིང་	ཞིང་	ADP
།		PUNCT
ཀཱ་	ཀཱ་	NO_POS
ཀཱ་	ཀཱ་	NO_POS
མ་	མ་	PART
ཙི་	ཙི་	NO_POS
ཀཱིའི་		NON_WORD
རྒྱ་སྐྱེགས་	རྒྱ་སྐྱེགས་	NOUN
ཀྱི་	གི་	PART
ཁུ་བ་	ཁུ་བ་	NOUN
ས་	གིས་	PART
དཔྲལ་བ་	དཔྲལ་བ་	NOUN
ར་	ལ་	PART
ཐིག་ལེ་	ཐིག་ལེ་	NOUN
བྱ་	བྱ་	VERB
ན་	ནས་	PART
སྔགས་	སྔགས་	NOUN
བཟླས་	བཟླས་	NO_POS
ཏེ་	སྟེ་	PART
།		PUNCT
ཨོཾ་	ཨོཾ་	X
ཨ་	ཨ་	X
མུ་	མུ་	NOUN
ཀ་	ཀ་	DET
ཆེ་གེ་མོ་	ཆེ་གེ་མོ་	ADJ
།		PUNCT
མེ་	མེ་	NOUN
ཧྲཱིཿ་བ་	ཧྲཱིཿ་བ་	NON_WORD
སཱི་		NON_WORD
བྷ་	བྷ་	NO_POS
ཝ་	ཝ་	OTHER
ཏུ་	ལ་	PART
བདག་	བདག་	PRON
གི་	གི་	PART
དབང་	དབང་	NOUN
དུ་	ལ་	PART
གྱུར་ཅིག་	གྱུར་ཅིག་	NO_POS
སྭཱ་		NON_WORD
ཧཱ་		NON_WORD
།		PUNCT
བཟླས་པ་	བཟླས་པ་	VERB
ཁྲི་	ཁྲི་	NUM
ཡི་	གིས་	PART
བསྒྲུབ་བྱ་	བསྒྲུབ་བྱ་	VERB
དབང་	དབང་	NOUN
དུ་	ལ་	PART
འདུ་	འདུ་	VERB
ན་	ནས་	PART
བདག་	བདག་	PRON
གི་	གི་	PART
མདུན་	མདུན་	NOUN
དུ་	ལ་	PART
འོང་བ་	འོང་བ་	VERB
ར་	ལ་	PART
འགྱུར་	འགྱུར་	VERB
རོ་	རོ་	NOUN
།		PUNCT
སློབ་དཔོན་	སློབ་དཔོན་	NOUN
པདྨ་	པདྨ་	NOUN
ཆུང་བ་	ཆུང་བ་	VERB
ས་	གིས་	PART
མཛད་	མཛད་	VERB
ཟེ་	ཟེ་	VERB
། ༈		PUNCT
ཟླ་བ་	ཟླ་བ་	NOUN
དང་	དང་	NO_POS
ཉི་མ་	ཉི་མ་	NOUN
མི་	མི་	PART
འགྲོ་བ་	འགྲོ་བ་	VERB
ར་	ལ་	PART
བདག་	བདག་	PRON
གི་	གི་	PART
ཡིད་བཞིན་	ཡིད་བཞིན་	OTHER
དུ་	ལ་	PART
དབང་	དབང་	NOUN
དུ་	ལ་	PART
བྱ་བ་	བྱ་བ་	VERB
ར་	ལ་	PART
འདོད་པ་	འདོད་པ་	VERB
ས་	གིས་	PART
འབྲས་	འབྲས་	NOUN
སཱ་	སཱ་	NO_POS
ལུ་	ལུ་	NO_POS
བཏགས་པ་	བཏགས་པ་	VERB
འི་	གི་	PART
འགྱུར་བ་	འགྱུར་བ་	VERB
ཟན་	ཟན་	NOUN
ལ་	ལ་	ADP
།		PUNCT
ཟླ་བ་	ཟླ་བ་	NOUN
དང་	དང་	NO_POS
ཉི་མ་	ཉི་མ་	NOUN
གང་	གང་	NO_POS
དབང་	དབང་	NOUN
དུ་	ལ་	PART
བྱ་བ་	བྱ་བ་	VERB
འི་	གི་	PART
གཟུགས་	གཟུགས་	NOUN
བྱ་	བྱ་	VERB
ལ་	ལ་	ADP
།		PUNCT
སྔ་	སྔ་	NOUN
མ་	མ་	PART
ལྟ་	ལྟ་	OTHER
སྒྲུབ་པ་	སྒྲུབ་པ་	VERB
བྱ་	བྱ་	VERB
ན་	ནས་	PART
འོད་	འོད་	NOUN
ལ་སོགས་པ་	ལ་སོགས་པ་	NO_POS
འི་	གི་	PART
རྟགས་	རྟགས་	NOUN
བྱུང་བ་	བྱུང་བ་	VERB
འི་	གི་	PART
ཚེ་	ཚེ་	NOUN
།		PUNCT
རང་	རང་	PRON
གི་	གི་	PART
རྡོ་རྗེ་	རྡོ་རྗེ་	NOUN
འི་	གི་	PART
ཆུ་	ཆུ་	NOUN
ལ་	ལ་	ADP
གཟུགས་	གཟུགས་	NOUN
དེ་	དེ་	DET
གཞུག་	གཞུག་	VERB
ཅིང་	ཅིང་	PART
སྔགས་	སྔགས་	NOUN
བཟླས་	བཟླས་	NO_POS
ཏེ་	སྟེ་	PART
།		PUNCT
ཨོཾ་	ཨོཾ་	X
བཛྲ་	བཛྲ་	NO_POS
རྡོ་རྗེ་	རྡོ་རྗེ་	NOUN
།		PUNCT
ཨརྐྐ་		NON_WORD
ཉི་མ་	ཉི་མ་	NOUN
།		PUNCT
མཱ་	མཱ་	NO_POS
ཙ་	ཙ་	NOUN
ལ་མ་	ལ་མ་	NO_POS
གཡོ་	གཡོ་	VERB
།		PUNCT
མཱ་	མཱ་	NO_POS
ཙ་	ཙ་	NOUN
ལ་མ་	ལ་མ་	NO_POS
གཡོ་	གཡོ་	VERB
།		PUNCT
ཏིཥྛ་		NON_WORD
གནོས་		NON_WORD
༑		PUNCT
ཏིཥྛ་		NON_WORD
གནོས་		NON_WORD
།		PUNCT
ཧེ་	ཧེ་	INTJ
བཛྲཱ་		NON_WORD
ཡ་	ཡ་	NOUN
།		PUNCT
ཀྱེ་	ཀྱེ་	INTJ
འི་	གི་	PART
རྡོ་རྗེ་	རྡོ་རྗེ་	NOUN
།		PUNCT
ཧཱུྃ་		NON_WORD
ཧཱུྃ་		NON_WORD
ཧཱུྃ་		NON_WORD
ཕཊ་		NON_WORD
སྭཱ་		NON_WORD
ཧཱ་		NON_WORD
།		PUNCT
སྔོན་	སྔོན་	ADV
དུ་	ལ་	PART
བསྙེན་པ་	བསྙེན་པ་	VERB
བྱེ་བ་	བྱེ་བ་	NOUN
ཕྲག་	ཕྲག་	NUM
བདུན་	བདུན་	NUM
བཟླས་	བཟླས་	NO_POS
ཏེ་	སྟེ་	PART
།		PUNCT
ཕྱི་	ཕྱི་	VERB
ལ་	ལ་	ADP
ས་	གིས་	PART
སྦྱོར་	སྦྱོར་	VERB
བྱ་	བྱ་	VERB
ན་	ན་	ADP
རྡོ་རྗེ་	རྡོ་རྗེ་	NOUN
འི་	གི་	PART
ཆུ་	ཆུ་	NOUN
ན་	ནས་	PART
མ་	མ་	PART
བཏོན་	བཏོན་	NO_POS
གྱི་	གི་	PART
བ་	བ་	NOUN
དུ་	ལ་	PART
ཉི་མ་	ཉི་མ་	NOUN
དང་	དང་	NO_POS
ཟླ་བ་	ཟླ་བ་	NOUN
དག་	དག་	DET
ཡང་དག་པ་	ཡང་དག་པ་	ADJ
ར་	ལ་	PART
གནས་	གནས་	NOUN
ཤིང་	ཅིང་	PART
ཉིན་མཚན་	ཉིན་མཚན་	ADV
བྱེ་བྲག་	བྱེ་བྲག་	NOUN
མེད་པ་	མེད་པ་	VERB
ར་	ལ་	PART
འགྱུར་	འགྱུར་	VERB
རོ་	རོ་	NOUN
། །		PUNCT
ཟླ་བ་	ཟླ་བ་	NOUN
དང་	དང་	NO_POS
ཉི་མ་	ཉི་མ་	NOUN
རྣམ་པ་	རྣམ་པ་	NOUN
ར་	ལ་	PART
འཛིན་པ་	འཛིན་པ་	VERB
ཞེ་	ཅེས་	PART
བྱ་བ་	བྱ་བ་	VERB
འི་	གི་	PART
ཆོ་ག་	ཆོ་ག་	NOUN
འོ་	གོ་	PART
། །		PUNCT
འདི་	འདི་	DET
སློབ་དཔོན་	སློབ་དཔོན་	NOUN
བིརྦ་པ་	བིརྦ་པ་	NON_WORD
ས་	གིས་	PART
མཛད་	མཛད་	VERB
གསུང་	གསུང་	VERB
༑ ༈		PUNCT
ཨོཾ་	ཨོཾ་	X
ན་	ན་	ADP
གྲཱ་		NON_WORD
ན་	ན་	ADP
གྲཱ་		NON_WORD
ཀུ་	ཀུ་	NO_POS
མཱ་	མཱ་	NO_POS
རཱི་		NON_WORD
ཀེ་	ཀེ་	PROPN
དཱི་		NON_WORD
བྱ་ལོ་	བྱ་ལོ་	NOUN
ཙ་	ཙ་	NOUN
ནེ་	ནེ་	NO_POS
སྭཱ་		NON_WORD
ཧཱ་		NON_WORD
།		PUNCT
ཞེ་	ཅེས་	PART
བྱ་བ་	བྱ་བ་	VERB
འི་	གི་	PART
སྔགས་	སྔགས་	NOUN
འདི་	འདི་	DET
ས་	གིས་	PART
དུས་	དུས་	NOUN
མ་ཡིན་པ་	མ་ཡིན་པ་	OTHER
ར་	ལ་	PART
རྐུན་མ་	རྐུན་མ་	NO_POS
ལ་སོགས་པ་	ལ་སོགས་པ་	NO_POS
འི་	གི་	PART
འཚེ་བ་	འཚེ་བ་	VERB
བྱུང་བ་	བྱུང་བ་	VERB
འི་	གི་	PART
དུས་	དུས་	NOUN
སུ་	སུ་	ADP
རྐུན་པོ་	རྐུན་པོ་	NOUN
ངོ་	ངོ་	NOUN
གཟུང་བ་	གཟུང་བ་	VERB
ལ་སོགས་པ་	ལ་སོགས་པ་	NO_POS
འི་	གི་	PART
དོན་	དོན་	NOUN
བསྒྲུབ་པ་	བསྒྲུབ་པ་	VERB
འི་	གི་	PART
ཕྱི་	ཕྱི་	OTHER
། །		PUNCT
		
ཀ་	ཀ་	DET
		
བུ་མོ་	བུ་མོ་	NOUN
		
ག་	ག་	PRON
		
གཞོན་ནུ་	གཞོན་ནུ་	ADJ
མ་ལོ་	མ་ལོ་	NO_POS
བརྒྱད་	བརྒྱད་	NUM
དམ་	དམ་	PART
བཅུ་གཉིས་	བཅུ་གཉིས་	NO_POS
ལོན་པ་	ལོན་པ་	VERB
འི་	གི་	PART
མིག་	མིག་	NOUN
དག་	དག་	DET
ལ་	ལ་	ADP
བརྒྱ་རྩ་	བརྒྱ་རྩ་	OTHER
བརྒྱད་	བརྒྱད་	NUM
མངོན་པ་	མངོན་པ་	OTHER
བསྔགས་	བསྔགས་	VERB
ན་	ནས་	PART
།		PUNCT
སྔ་	སྔ་	NOUN
ནུབ་	ནུབ་	ADV
མེ་ཏོག་	མེ་ཏོག་	NOUN
ལ་སོགས་པ་	ལ་སོགས་པ་	NO_POS
འི་	གི་	PART
མཆོད་པ་	མཆོད་པ་	VERB
ས་	གིས་	PART
ཡང་དག་པ་	ཡང་དག་པ་	ADJ
ར་	ལ་	PART
མཆོད་	མཆོད་	VERB
ཅིང་	ཅིང་	PART
ནངས་པ་	ནངས་པ་	ADV
ར་	ལ་	PART
བདག་	བདག་	PRON
གི་	གི་	PART
དོན་	དོན་	NOUN
སྒྲུབས་	སྒྲུབས་	VERB
ཅིག་	ཅིག་	PART
ཅེས་	ཅེས་	PART
སྙན་གསན་	སྙན་གསན་	NO_POS
དབབ་བོ་	དབབ་བོ་	NO_POS
། །		PUNCT
ཕྱི་ཉིན་	ཕྱི་ཉིན་	ADV
ཚེ་	ཚེ་	NOUN
		
ཁ་	ཁ་	PRON
		
བཅུ་བཞི་པ་	བཅུ་བཞི་པ་	NO_POS
འམ་	གམ་	PART
བརྒྱད་པ་	བརྒྱད་པ་	NUM
འི་	གི་	PART
ཐོ་རངས་	ཐོ་རངས་	ADV
སྔ་བ་	སྔ་བ་	VERB
འི་	གི་	PART
དུས་	དུས་	NOUN
སུ་	སུ་	ADP
ཁ་རྒྱན་	ཁ་རྒྱན་	OTHER
དང་	དང་	NO_POS
བཅུད་	བཅུད་	NOUN
དང་	དང་	NO_POS
བཅས་པ་	བཅས་པ་	VERB
འི་	གི་	PART
བུམ་པ་	བུམ་པ་	NOUN
དང་ལ་	དང་ལ་	NO_POS
སོགས་པ་	སོགས་པ་	DET
ས་	གིས་	PART
བསྡུ་བ་	བསྡུ་བ་	VERB
མཆོད་པ་	མཆོད་པ་	VERB
ལྔ་	ལྔ་	NUM
དང་	དང་	NO_POS
གཏོར་མ་	གཏོར་མ་	NOUN
བཞག་	བཞག་	VERB
ཅིང་	ཅིང་	PART
།		PUNCT
འབྲུ་མ་	འབྲུ་མ་	NOUN
དང་	དང་	NO_POS
།		PUNCT
ཨ་	ཨ་	X
ལཀྟའི་		NON_WORD
རྒྱ་སྐྱེགས་	རྒྱ་སྐྱེགས་	NOUN
ཀྱི་	གི་	PART
ཁུ་བ་	ཁུ་བ་	NOUN
ལ་	ལ་	ADP
སྔགས་	སྔགས་	NOUN
འདི་ཉིད་	འདི་ཉིད་	OTHER
ཀྱིས་	གིས་	PART
ལན་	ལན་	NOUN
བརྒྱ་རྩ་	བརྒྱ་རྩ་	OTHER
བརྒྱད་	བརྒྱད་	NUM
མངོན་པ་	མངོན་པ་	OTHER
བསྔགས་	བསྔགས་	VERB
སོ་	སོ་	PART
། །		PUNCT
དེ་ནས་	དེ་ནས་	NO_POS
མངོན་པ་	མངོན་པ་	OTHER
བསྔགས་པ་	བསྔགས་པ་	VERB
འི་	གི་	PART
ཨ་	ཨ་	X
ལཀྟའི་		NON_WORD
ཁུ་བ་	ཁུ་བ་	NOUN
ས་	གིས་	PART
སྔགས་པ་	སྔགས་པ་	NOUN
འི་	གི་	PART
མཐེ་བོང་	མཐེ་བོང་	NOUN
རྒན་པོ་	རྒན་པོ་	ADJ
ལ་	ལ་	ADP
བསྐུས་	བསྐུས་	NO_POS
ན་	ནས་	PART
།		PUNCT
འབྲུ་མ་	འབྲུ་མ་	NOUN
གྱིས་	གིས་	PART
ཀྱང་	ཀྱང་	PART
བླུགས་	བླུགས་	VERB
ལ་	ལ་	ADP
གཡོན་པ་	གཡོན་པ་	ADJ
འི་	གི་	PART
ལག་མཐིལ་	ལག་མཐིལ་	NOUN
ལ་	ལ་	ADP
མཉེས་	མཉེས་	VERB
ན་	ནས་	PART
བུམ་པ་	བུམ་པ་	NOUN
འི་	གི་	PART
སྟེང་	སྟེང་	NOUN
དུ་	ལ་	PART
ཐོད་པ་	ཐོད་པ་	NOUN
ར་	ལ་	PART
བཤམས་པ་	བཤམས་པ་	VERB
འི་	གི་	PART
མར་མེ་	མར་མེ་	NOUN
འི་	གི་	PART
འོད་	འོད་	NOUN
ལ་	ལ་	ADP
།		PUNCT
		
ང་	ང་	PRON
		
གཞོན་ནུ་	གཞོན་ནུ་	ADJ
མ་ལ་	མ་ལ་	INTJ
བསྟན་	བསྟན་	VERB
ཏེ་	སྟེ་	PART
།		PUNCT
ང་	ང་	PRON
འི་	གི་	PART
རྫ་	རྫ་	NOUN
སུ་	སུ་	ADP
ས་	གིས་	PART
ཁྱེ་	ཁྱེ་	VERB
སྨོས་	སྨོས་	VERB
ཞེ་	ཅེས་	PART
དྲི་	དྲི་	NOUN
འོ་	གོ་	PART
། །		PUNCT
དེ་	དེ་	DET
ལ་	ལ་	ADP
གཞོན་ནུ་	གཞོན་ནུ་	ADJ
མ་	མ་	PART
དེ་	དེ་	DET
ས་	གིས་	PART
མཐེ་བོང་	མཐེ་བོང་	NOUN
གི་	གི་	PART
ནང་	ནང་	NOUN
དུ་	ལ་	PART
ཅི་	ཅི་	NO_POS
འདོད་པ་	འདོད་པ་	VERB
འི་	གི་	PART
དོན་	དོན་	NOUN
མཐོང་	མཐོང་	VERB
ན་	ནས་	PART
སྨྲས་པ་	སྨྲས་པ་	VERB
ཆེ་གེ་མོ་	ཆེ་གེ་མོ་	ADJ
ཞེ་	ཅེས་	PART
བྱ་བ་	བྱ་བ་	VERB
ས་	གིས་	PART
ཁྱེ་	ཁྱེ་	VERB
རོ་	རོ་	NOUN
ཞེ་	ཅེས་	PART
སྨྲ་བ་	སྨྲ་བ་	VERB
ར་	ལ་	PART
འགྱུར་	འགྱུར་	VERB
རོ་	རོ་	NOUN
། །		PUNCT
རྡོ་རྗེ་	རྡོ་རྗེ་	NOUN
སྐར་མ་	སྐར་མ་	NOUN
ལྟ་	ལྟ་	OTHER
གསལ་བ་	གསལ་བ་	VERB
སྟེ་	སྟེ་	PART
པྲ་	པྲ་	NOUN
དབབ་པ་	དབབ་པ་	VERB
འི་	གི་	PART
ཆོ་ག་	ཆོ་ག་	NOUN
འོ་	འོ་	PART
། །		PUNCT
འཚེ་བ་	འཚེ་བ་	VERB
འི་	གི་	PART
དུད་འགྲོ་	དུད་འགྲོ་	NOUN
ལྔ་	ལྔ་	NUM
བསྐྲད་པ་	བསྐྲད་པ་	VERB
ནི་	ནི་	NO_POS
བེ་	བེ་	NO_POS
ཊུ་		NON_WORD
ཡཱ་	ཡཱ་	NO_POS
བེ་	བེ་	NO_POS
ཊུ་		NON_WORD
ཡཱ་	ཡཱ་	NO_POS
ཞེ་	ཅེས་	PART
བརྗོད་	བརྗོད་	VERB
ན་	ན་	ADP
གླང་པོ་ཆེ་	གླང་པོ་ཆེ་	NOUN
འབྲོས་པ་	འབྲོས་པ་	VERB
ར་	ལ་	PART
འགྱུར་	འགྱུར་	VERB
རོ་	རོ་	NOUN
།།		PUNCT
མམྨཱ་		NON_WORD
མམྨཱ་		NON_WORD
ཞེ་	ཅེས་	PART
བརྗོད་	བརྗོད་	VERB
ན་	ན་	ADP
སྟག་	སྟག་	NOUN
འབྲོས་པ་	འབྲོས་པ་	VERB
ར་	ལ་	PART
འགྱུར་	འགྱུར་	VERB
རོ་	རོ་	NOUN
། །		PUNCT
ཏེལླི་		NON_WORD
ཡཱ་	ཡཱ་	NO_POS
ཏེལླི་		NON_WORD
ཡཱ་	ཡཱ་	NO_POS
ཞེ་	ཅེས་	PART
བརྗོད་	བརྗོད་	VERB
ན་	ན་	ADP
བསེ་	བསེ་	OTHER
འབྲོས་པ་	འབྲོས་པ་	VERB
ར་	ལ་	PART
འགྱུར་	འགྱུར་	VERB
རོ་	རོ་	NOUN
། །		PUNCT
ཨི་	ཨི་	NO_POS
ལི་	ལི་	OTHER
མི་	མི་	PART
ལི་	ལི་	OTHER
ཕུཿ་		NON_WORD
ཕུཿ་		NON_WORD
ཞེ་	ཅེས་	PART
བརྗོད་	བརྗོད་	VERB
ན་	ན་	ADP
སྦྲུལ་	སྦྲུལ་	NOUN
འབྲོས་པ་	འབྲོས་པ་	VERB
ར་	ལ་	PART
རྣལ་འབྱོར་པ་	རྣལ་འབྱོར་པ་	NOUN
རྟོགས་པ་	རྟོགས་པ་	VERB
རབ་	རབ་	ADV
ཀྱིས་	གིས་	PART
ཡིད་	ཡིད་	NOUN
ལ་	ལ་	ADP
བསམ་པ་	བསམ་པ་	VERB
ས་	གིས་	PART
།		PUNCT
འབྲིང་	འབྲིང་	NOUN
གིས་	གིས་	PART
སྔགས་	སྔགས་	NOUN
ངག་	ངག་	NOUN
ཏུ་	ལ་	PART
བརྗོད་པ་	བརྗོད་པ་	VERB
།		PUNCT
ཐ་མ་	ཐ་མ་	ADJ
ས་	གིས་	PART
རྭ་དུང་	རྭ་དུང་	NO_POS
སོ་	སོ་	PART
ར་	ལ་	PART
བཅུ་གཉིས་པ་	བཅུ་གཉིས་པ་	NO_POS
ལ་	ལ་	ADP
བྲིས་	བྲིས་	VERB
ཏེ་	སྟེ་	PART
བུ་	བུ་	VERB
ན་	ན་	ADP
འགྱུར་	འགྱུར་	VERB
རོ་	རོ་	NOUN
། །		PUNCT
ཤཱཀྱ་	ཤཱཀྱ་	PROPN
ཐུབ་པ་	ཐུབ་པ་	VERB
ས་	གིས་	PART
གླང་པོ་ཆེ་	གླང་པོ་ཆེ་	NOUN
ནོར་སྐྱོང་	ནོར་སྐྱོང་	OTHER
འདུལ་བ་	འདུལ་བ་	VERB
འི་	གི་	PART
ཕྱག་	ཕྱག་	NOUN
གི་	གི་	PART
ཚུལ་	ཚུལ་	NOUN
གྱིས་	གིས་	PART
ལག་པ་	ལག་པ་	NOUN
རབ་ཏུ་	རབ་ཏུ་	NO_POS
བསྟན་	བསྟན་	VERB
ན་	ནས་	PART
ཨོཾ་	ཨོཾ་	X
ཤྭ་	ཤྭ་	NO_POS
ན་	ན་	ADP
ཏིཥྛ་		NON_WORD
ཏིཥྛ་		NON_WORD
ཧེ་	ཧེ་	INTJ
བཛྲ་	བཛྲ་	NO_POS
ཡ་	ཡ་	NOUN
ཧཱུྃ་		NON_WORD
ཕཊ་		NON_WORD
སྭཱ་		NON_WORD
ཧཱ་		NON_WORD
ཞེ་	ཅེས་	PART
བརྗོད་	བརྗོད་	VERB
ན་	ན་	ADP
ཁྱི་	ཁྱི་	NOUN
འབྲོས་པ་	འབྲོས་པ་	VERB
ར་	ལ་	PART
འགྱུར་	འགྱུར་	VERB
རོ་	རོ་	NOUN
། ༈ །		PUNCT
རྡོ་རྗེ་	རྡོ་རྗེ་	NOUN
མ་	མ་	PART
རེངས་པ་	རེངས་པ་	VERB
དང་	དང་	NO_POS
།		PUNCT
དཀར་མོ་	དཀར་མོ་	ADJ
དབང་	དབང་	NOUN
དུ་	ལ་	PART
བྱ་བ་	བྱ་བ་	VERB
དང་	དང་	NO_POS
།		PUNCT
ཆུ་མ་	ཆུ་མ་	NOUN
སྐྲོད་པ་	སྐྲོད་པ་	VERB
དང་	དང་	NO_POS
།		PUNCT
རྡོ་རྗེ་	རྡོ་རྗེ་	NOUN
མཁའ་འགྲོ་	མཁའ་འགྲོ་	NOUN
མ་	མ་	PART
སྡང་བ་	སྡང་བ་	VERB
དང་	དང་	NO_POS
།		PUNCT
བདག་མེད་	བདག་མེད་	ADJ
མ་	མ་	PART
མངོན་སྤྱོད་	མངོན་སྤྱོད་	NO_POS
དང་	དང་	NO_POS
།		PUNCT
ས་སྤྱོད་	ས་སྤྱོད་	NO_POS
མ་	མ་	PART
འགུགས་པ་	འགུགས་པ་	VERB
དང་	དང་	NO_POS
།		PUNCT
མཁའ་སྤྱོད་	མཁའ་སྤྱོད་	NOUN
མ་	མ་	PART
གསོད་པ་	གསོད་པ་	VERB
འི་	གི་	PART
རྣལ་འབྱོར་	རྣལ་འབྱོར་	NOUN
ལ་	ལ་	ADP
ས་	གིས་	PART
རེངས་པ་	རེངས་པ་	VERB
ར་	ལ་	PART
བྱེད་པ་	བྱེད་པ་	VERB
ལ་སོགས་པ་	ལ་སོགས་པ་	NO_POS
སྔགས་པ་	སྔགས་པ་	NOUN
བརྟུལ་ཞུགས་	བརྟུལ་ཞུགས་	NOUN
ཅན་	ཅན་	PART
གྱིས་	གིས་	PART
བྱེད་	བྱེད་	VERB
དོ་	གོ་	PART
།། ༈		PUNCT
སྔགས་	སྔགས་	NOUN
ཀྱི་	གི་	PART
ལེའུ་	ལེའུ་	NOUN
སྟེ་	སྟེ་	PART
གཉིས་པ་	གཉིས་པ་	NUM
ཤོ་ལོ་	ཤོ་ལོ་	NO_POS
ཀ་	ཀ་	DET
བཞི་	བཞི་	NUM
བཅུ་	བཅུ་	NUM
འོ་	འོ་	PART
།། །།༈		PUNCT
དེ་ནས་	དེ་ནས་	NO_POS
ལྷ་	ལྷ་	NOUN
ཧེ་རུ་ཀ་	ཧེ་རུ་ཀ་	NOUN
གསུམ་	གསུམ་	NUM
བསྒོམ་པ་	བསྒོམ་པ་	VERB
འི་	གི་	PART
ལེའུ་	ལེའུ་	NOUN
བཤད་པ་	བཤད་པ་	VERB
ར་	ལ་	PART
བྱ་	བྱ་	VERB
འོ་	གོ་	PART
། ༈ །		PUNCT
		
ཀ་	ཀ་	DET
		
དུས་	དུས་	NOUN
		
ང་	ང་	PRON
		
དང་པོ་	དང་པོ་	ADJ
ར་	ལ་	PART
ཡུལ་	ཡུལ་	NOUN
སེམས་ཅན་	སེམས་ཅན་	NOUN
ཐམས་ཅད་	ཐམས་ཅད་	DET
བདེ་བ་	བདེ་བ་	VERB
ར་	ལ་	PART
འདོད་པ་	འདོད་པ་	VERB
འི་	གི་	PART
བྱམས་པ་	བྱམས་པ་	PROPN
བསྒོམ་པ་	བསྒོམ་པ་	VERB
ར་	ལ་	PART
བྱ་	བྱ་	VERB
།		PUNCT
དུས་	དུས་	NOUN
གཉིས་པ་	གཉིས་པ་	NUM
ར་	ལ་	PART
སྡུག་བསྔལ་	སྡུག་བསྔལ་	NOUN
དང་	དང་	NO_POS
བྲལ་བ་	བྲལ་བ་	VERB
ར་	ལ་	PART
འདོད་པ་	འདོད་པ་	VERB
འི་	གི་	PART
སྙིང་རྗེ་	སྙིང་རྗེ་	NOUN
རྣམ་	རྣམ་	NOUN
བསྒོམ་	བསྒོམ་	VERB
ཞིང་	ཞིང་	SCONJ
།		PUNCT
དུས་གསུམ་པ་	དུས་གསུམ་པ་	OTHER
ར་	ལ་	PART
བདེ་བ་	བདེ་བ་	VERB
དང་	དང་	NO_POS
མ་	མ་	PART
བྲལ་	བྲལ་	VERB
ན་	ན་	ADP
དགའ་བ་	དགའ་བ་	VERB
འི་	གི་	PART
དགའ་བ་	དགའ་བ་	VERB
བསྒོམ་པ་	བསྒོམ་པ་	VERB
དང་	དང་	NO_POS
།		PUNCT
དུས་	དུས་	NOUN
ཀུན་	ཀུན་	DET
གྱི་	གི་	PART
མཐའ་	མཐའ་	NOUN
ན་	ན་	ADP
ཆགས་སྡང་	ཆགས་སྡང་	NOUN
མེད་	མེད་	VERB
ཅིང་	ཅིང་	PART
ཆོ་	ཆོ་	NOUN
བརྒྱད་	བརྒྱད་	NUM
སྙོམས་པ་	སྙོམས་པ་	VERB
འི་	གི་	PART
བཏང་སྙོམས་	བཏང་སྙོམས་	NOUN
ཏེ་	སྟེ་	PART
བསོད་ནམས་	བསོད་ནམས་	NOUN
ཀྱི་	གི་	PART
ཚོགས་	ཚོགས་	NOUN
སོ་	སོ་	PART
། ༈ །		PUNCT
ཡང་	ཀྱང་	PART
ནི་	ནི་	NO_POS
ཆོ་	ཆོ་	NOUN
ཐམས་ཅད་	ཐམས་ཅད་	DET
མི་	མི་	PART
དམིགས་པ་	དམིགས་པ་	VERB
འི་	གི་	PART
སྟོང་པ་	སྟོང་པ་	VERB
ཡེ་ཤེས་	ཡེ་ཤེས་	NOUN
ཀྱི་	གི་	PART
ཚོགས་	ཚོགས་	NOUN
ལྷ་	ལྷ་	NOUN
འི་	གི་	PART
སྐུ་	སྐུ་	NOUN
མངོན་པ་	མངོན་པ་	OTHER
བྱང་ཆུབ་པ་	བྱང་ཆུབ་པ་	NOUN
དང་	དང་	NO_POS
དམ་ཚིག་པ་	དམ་ཚིག་པ་	NOUN
བསྐྱེད་པ་	བསྐྱེད་པ་	VERB
སྟེ་	སྟེ་	PART
།		PUNCT
དུས་	དུས་	NOUN
གཉིས་པ་	གཉིས་པ་	NUM
ལ་	ལ་	ADP
ནི་	ནི་	NO_POS
སྐྱེ་མཆེད་	སྐྱེ་མཆེད་	NOUN
སྐུ་གསུང་ཐུགས་	སྐུ་གསུང་ཐུགས་	NOUN
བྱིན་	བྱིན་	VERB
གྱིས་	གིས་	PART
རློབ་པ་	རློབ་པ་	NO_POS
འི་	གི་	PART
ས་བོན་	ས་བོན་	NOUN
བསྡུ་	བསྡུ་	VERB
།		PUNCT
དུས་གསུམ་པ་	དུས་གསུམ་པ་	OTHER
ལ་	ལ་	ADP
ནི་	ནི་	NO_POS
ཡེ་ཤེས་པ་	ཡེ་ཤེས་པ་	NOUN
བཅུག་པ་	བཅུག་པ་	VERB
ས་	གིས་	PART
སེམས་དཔའ་	སེམས་དཔའ་	NOUN
གཉིས་	གཉིས་	NUM
འདྲེས་པ་	འདྲེས་པ་	VERB
འི་	གི་	PART
གཟུགས་བརྙན་	གཟུགས་བརྙན་	NOUN
རྫོགས་	རྫོགས་	VERB
།		PUNCT
དུས་བཞི་པ་	དུས་བཞི་པ་	NO_POS
ལ་	ལ་	ADP
ནི་	ནི་	NO_POS
ཡིག་འབྲུ་	ཡིག་འབྲུ་	NOUN
གསལ་བྱེད་	གསལ་བྱེད་	NOUN
དེ་	དེ་	DET
རིགས་	རིགས་	NOUN
བདག་	བདག་	PRON
དགོད་	དགོད་	VERB
ཡན་ལག་	ཡན་ལག་	NOUN
བཞི་	བཞི་	NUM
རྫོགས་	རྫོགས་	VERB
ཏེ་	སྟེ་	PART
བསྡུས་པ་	བསྡུས་པ་	VERB
འོ་	གོ་	PART
། །		PUNCT
རཾ་		NON_WORD
ལ་	ལ་	ADP
ས་	གིས་	PART
རེ་	རེ་	DET
ཕ་	ཕ་	NOUN
ཉི་མ་	ཉི་མ་	NOUN
འི་	གི་	PART
དཀྱིལ་འཁོར་	དཀྱིལ་འཁོར་	NOUN
སྔོན་	སྔོན་	ADV
དུ་	ལ་	PART
རྣམ་པ་	རྣམ་པ་	NOUN
ར་	ལ་	PART
བསྒོམས་	བསྒོམས་	VERB
ན་	ནས་	PART
༑		PUNCT
ཉི་མ་	ཉི་མ་	NOUN
འི་	གི་	PART
སྟེང་	སྟེང་	NOUN
དེ་	དེ་	DET
ར་	ལ་	PART
ཧཱུྃ་		NON_WORD
ལ་	ལ་	ADP
ས་	གིས་	PART
བྱུང་བ་	བྱུང་བ་	VERB
འི་	གི་	PART
སྣ་ཚོགས་	སྣ་ཚོགས་	DET
རྡོ་རྗེ་	རྡོ་རྗེ་	NOUN
སྟེ་	སྟེ་	PART
།		PUNCT
རྡོ་རྗེ་	རྡོ་རྗེ་	NOUN
དེ་ཉིད་	དེ་ཉིད་	NOUN
ལས་འཕྲོ་	ལས་འཕྲོ་	NOUN
ས་པ་	ས་པ་	PART
འི་	གི་	PART
འོད་ཟེར་	འོད་ཟེར་	NOUN
ཀྱིས་	གིས་	PART
ནི་	ནི་	NO_POS
བསྒྲུབས་པ་	བསྒྲུབས་པ་	VERB
འི་	གི་	PART
རྡོ་རྗེ་	རྡོ་རྗེ་	NOUN
འི་	གི་	PART
ར་བ་	ར་བ་	NOUN
དང་	དང་	NO_POS
།		PUNCT
རྡོ་རྗེ་	རྡོ་རྗེ་	NOUN
འི་	གི་	PART
གུ་	གུ་	NOUN
བཅིང་བ་	བཅིང་བ་	VERB
ཡང་	ཀྱང་	PART
རྣམ་པ་	རྣམ་པ་	NOUN
ར་	ལ་	PART
བསྒོམ་པ་	བསྒོམ་པ་	VERB
ཉིད་	ཉིད་	DET
ཀྱི་	གི་	PART
བསྲུང་	བསྲུང་	NO_POS
འཁོར་	འཁོར་	NOUN
བསྒོམ་	བསྒོམ་	VERB
། ༈ །		PUNCT
ལྷ་	ལྷ་	NOUN
བསྒོམ་པ་	བསྒོམ་པ་	VERB
འི་	གི་	PART
དང་པོ་	དང་པོ་	ADJ
ར་	ལ་	PART
གདན་	གདན་	NOUN
རོ་	རོ་	NOUN
ནི་	ནི་	NO_POS
རྣམ་པ་	རྣམ་པ་	NOUN
ར་	ལ་	PART
བསྒོམ་པ་	བསྒོམ་པ་	VERB
ནི་	ནི་	NO_POS
།		PUNCT
ཆོ་	ཆོ་	NOUN
ཀྱི་	གི་	PART
དབྱིངས་	དབྱིངས་	NOUN
ཀྱི་	གི་	PART
བདག་ཉིད་	བདག་ཉིད་	NOUN
བདག་མེད་པ་	བདག་མེད་པ་	ADJ
ལ་	ལ་	ADP
བརྟེན་པ་	བརྟེན་པ་	VERB
ར་	ལ་	PART
བརྗོད་	བརྗོད་	VERB
། ༈		PUNCT
གདན་	གདན་	NOUN
དེ་	དེ་	DET
འི་	གི་	PART
སྟེང་	སྟེང་	NOUN
དུ་	ལ་	PART
རྣལ་འབྱོར་པ་	རྣལ་འབྱོར་པ་	NOUN
འི་	གི་	PART
སེམས་	སེམས་	NOUN
གནས་	གནས་	NOUN
ན་	ནས་	PART
།		PUNCT
ཧེ་རུ་ཀ་	ཧེ་རུ་ཀ་	NOUN
གསུམ་པོ་	གསུམ་པོ་	NUM
ཉིད་	ཉིད་	DET
རྣམ་པ་	རྣམ་པ་	NOUN
ར་	ལ་	PART
བསྒོམ་	བསྒོམ་	VERB
༑		PUNCT
རྡོ་རྗེ་	རྡོ་རྗེ་	NOUN
ཆོ་ག་	ཆོ་ག་	NOUN
ཡན་ལག་	ཡན་ལག་	NOUN
གསུམ་	གསུམ་	NUM
ལ་	ལ་	ADP
ས་	གིས་	PART
བསྐྱེད་པ་	བསྐྱེད་པ་	VERB
ནི་	ནི་	NO_POS
སེམས་	སེམས་	NOUN
གནས་པ་	གནས་པ་	VERB
ས་	གིས་	PART
		
ཁ་	ཁ་	PRON
		
རང་	རང་	PRON
གི་	གི་	PART
སྙིང་ག་	སྙིང་ག་	NOUN
ར་	ལ་	PART
རེ་	རེ་	DET
ཕ་	ཕ་	NOUN
བསྒོམ་	བསྒོམ་	VERB
།		PUNCT
རཾ་		NON_WORD
དེ་ལས་	དེ་ལས་	NO_POS
བྱུང་བ་	བྱུང་བ་	VERB
འི་	གི་	PART
ཉི་མ་	ཉི་མ་	NOUN
འི་	གི་	PART
དཀྱིལ་འཁོར་	དཀྱིལ་འཁོར་	NOUN
བསྒོམ་	བསྒོམ་	VERB
།		PUNCT
ཉི་མ་	ཉི་མ་	NOUN
འི་	གི་	PART
སྟེང་	སྟེང་	NOUN
དེ་	དེ་	DET
ར་	ལ་	PART
ནི་	ནི་	NO_POS
རང་	རང་	PRON
གི་	གི་	PART
སེམས་	སེམས་	NOUN
ཧཱུྃ་		NON_WORD
གི་	གི་	PART
རྣམ་པ་	རྣམ་པ་	NOUN
ཉིད་	ཉིད་	DET
དུ་	ལ་	PART
བསམ་	བསམ་	NOUN
།		PUNCT
ཧཱུྃ་		NON_WORD
གི་	གི་	PART
ཡི་གེ་	ཡི་གེ་	NOUN
འི་	གི་	PART
ཧ་	ཧ་	NOUN
གསལ་བྱེད་	གསལ་བྱེད་	NOUN
ཐབས་	ཐབས་	NOUN
དང་	དང་	NO_POS
ཞབས་ཀྱུ་	ཞབས་ཀྱུ་	NO_POS
དག་	དག་	DET
ཀླད་ཀོར་	ཀླད་ཀོར་	NO_POS
དབྱངས་ཡིག་	དབྱངས་ཡིག་	NOUN
ཤེས་རབ་	ཤེས་རབ་	NOUN
དེ་	དེ་	DET
གཉིས་	གཉིས་	NUM
ཟུང་	ཟུང་	VERB
དུ་	ལ་	PART
ཆུད་པ་	ཆུད་པ་	VERB
ས་	གིས་	PART
ཟུང་འཇུག་	ཟུང་འཇུག་	NOUN
གི་	གི་	PART
རང་བཞིན་	རང་བཞིན་	NOUN
ཅན་	ཅན་	PART
།		PUNCT
ཧཱུྃ་		NON_WORD
དེ་ལས་	དེ་ལས་	NO_POS
བྱུང་བ་	བྱུང་བ་	VERB
འི་	གི་	PART
རྡོ་རྗེ་	རྡོ་རྗེ་	NOUN
ནི་	ནི་	NO_POS
ཆོ་	ཆོ་	NOUN
ཀྱི་	གི་	PART
དབྱིངས་	དབྱིངས་	NOUN
ལས་མི་	ལས་མི་	NOUN
འགྱུར་བ་	འགྱུར་བ་	VERB
ས་	གིས་	PART
།		PUNCT
ཁ་དོག་	ཁ་དོག་	NOUN
ནག་པོ་	ནག་པོ་	ADJ
བདུད་	བདུད་	NOUN
སྐྲག་པ་	སྐྲག་པ་	VERB
ར་	ལ་	PART
བྱེད་པ་	བྱེད་པ་	VERB
ས་	གིས་	PART
འཇིགས་	འཇིགས་	VERB
ཆེན་པོ་	ཆེན་པོ་	ADJ
།		PUNCT
རྡོ་རྗེ་	རྡོ་རྗེ་	NOUN
དེ་	དེ་	DET
འི་	གི་	PART
ལྟེ་བ་	ལྟེ་བ་	NOUN
འི་	གི་	PART
དབུ་	དབུ་	NOUN
སུ་	སུ་	ADP
ཉི་མ་	ཉི་མ་	NOUN
ལ་	ལ་	ADP
གནས་པ་	གནས་པ་	VERB
ར་	ལ་	PART
།		PUNCT
ཡང་	ཀྱང་	PART
ནི་	ནི་	NO_POS
ཧཱུྃ་		NON_WORD
གི་	གི་	PART
དེ་ཉིད་	དེ་ཉིད་	NOUN
བསྒོམ་	བསྒོམ་	VERB
།		PUNCT
ཧཱུྃ་		NON_WORD
གི་	གི་	PART
རྣམ་པ་	རྣམ་པ་	NOUN
དང་	དང་	NO_POS
བཅས་པ་	བཅས་པ་	VERB
འི་	གི་	PART
རྡོ་རྗེ་	རྡོ་རྗེ་	NOUN
ཡོངས་སུ་	ཡོངས་སུ་	NO_POS
གྱུར་པ་	གྱུར་པ་	VERB
ར་	ལ་	PART
བལྟ་	བལྟ་	VERB
ན་	ནས་	PART
།		PUNCT
བདག་ཉིད་	བདག་ཉིད་	NOUN
ཞེ་སྡང་	ཞེ་སྡང་	NOUN
གི་	གི་	PART
བདག་ཉིད་	བདག་ཉིད་	NOUN
རྣམ་པ་	རྣམ་པ་	NOUN
ར་	ལ་	PART
དག་པ་	དག་པ་	VERB
མི་བསྐྱོད་པ་	མི་བསྐྱོད་པ་	NO_POS
ར་	ལ་	PART
བསྒོམ་	བསྒོམ་	VERB
།		PUNCT
དེ་	དེ་	DET
འང་	ཀྱང་	PART
ཕྱག་མཚན་	ཕྱག་མཚན་	NOUN
རྡོ་རྗེ་	རྡོ་རྗེ་	NOUN
ལ་	ལ་	ADP
ས་	གིས་	PART
སྐྱེས་པ་	སྐྱེས་པ་	VERB
ས་	གིས་	PART
རྡོ་རྗེ་	རྡོ་རྗེ་	NOUN
སྐྱེ་བ་	སྐྱེ་བ་	VERB
ཆོ་	ཆོ་	NOUN
ཀྱི་	གི་	PART
དབྱིངས་	དབྱིངས་	NOUN
ལས་མི་	ལས་མི་	NOUN
འགྱུར་བ་	འགྱུར་བ་	VERB
ས་	གིས་	PART
སྐུ་མདོག་	སྐུ་མདོག་	NOUN
ནག་པོ་	ནག་པོ་	ADJ
ཆེ་	ཆེ་	VERB
།		PUNCT
དཔེ་	དཔེ་	NOUN
ར་	ལ་	PART
འདམ་སྐྱེས་	འདམ་སྐྱེས་	NO_POS
ཏེ་	སྟེ་	PART
ཨུཏྤལ་	ཨུཏྤལ་	NO_POS
སྔོན་པོ་	སྔོན་པོ་	ADJ
འདྲ་བ་	འདྲ་བ་	VERB
འི་	གི་	PART
མདོག་	མདོག་	NOUN
ཡང་ན་	ཡང་ན་	NO_POS
ནམ་མཁའ་	ནམ་མཁའ་	NOUN
ལྟ་	ལྟ་	OTHER
སྔོ་བ་	སྔོ་བ་	VERB
དང་	དང་	NO_POS
ཉི་མ་	ཉི་མ་	NOUN
ལྟ་	ལྟ་	OTHER
གསལ་བ་	གསལ་བ་	VERB
འི་	གི་	PART
མདོག་	མདོག་	NOUN
		
འདུན་པ་	འདུན་པ་	PROPN
འི་	གི་	PART
		
དང་	དང་	NO_POS
ཡིད་ཆེས་པ་	ཡིད་ཆེས་པ་	NOUN
འི་	གི་	PART
དད་པ་	དད་པ་	VERB
ས་	གིས་	PART
ངེས་པ་		
རྣམ་པ་	རྣམ་པ་	NOUN
ར་	ལ་	PART
བསྒོམ་	བསྒོམ་	VERB
སྟེ་	སྟེ་	PART
མངོན་པ་	མངོན་པ་	OTHER
རྟོགས་པ་	རྟོགས་པ་	VERB
འབྲིང་	འབྲིང་	NOUN
ངོ་	ངོ་	PART
། ༈ །		PUNCT
མདུན་	མདུན་	NOUN
གྱི་	གི་	PART
		
ག་	ག་	PRON
		
ནམ་མཁ་	ནམ་མཁའ་	NOUN
ར་	ལ་	PART
སྙིང་ཁ་	སྙིང་ཁ་	NOUN
འི་	གི་	PART
ཧཱུྃ་		NON_WORD
ལ་	ལ་	ADP
ས་	གིས་	PART
འོད་འཕྲོ་	འོད་འཕྲོ་	NO_POS
ས་པ་	ས་པ་	PART
ས་	གིས་	PART
རྗེ་བཙུན་	རྗེ་བཙུན་	NOUN
བལྟ་	བལྟ་	VERB
ན་	ནས་	PART
ནི་	ནི་	NO_POS
།		PUNCT
ཕྱག་མཚན་	ཕྱག་མཚན་	NOUN
རྣམས་	རྣམས་	DET
རྡོ་རྗེ་	རྡོ་རྗེ་	NOUN
ལ་	ལ་	ADP
ས་	གིས་	PART
སྐྱེས་པ་	སྐྱེས་པ་	VERB
འི་	གི་	PART
སྐྱེ་བ་	སྐྱེ་བ་	VERB
མེད་པ་	མེད་པ་	VERB
ལ་	ལ་	ADP
ས་	གིས་	PART
སྐྱེ་བ་	སྐྱེ་བ་	VERB
ར་	ལ་	PART
སྤྲུལ་པ་	སྤྲུལ་པ་	VERB
ས་	གིས་	PART
རྡོ་རྗེ་	རྡོ་རྗེ་	NOUN
སྐྱེ་བ་	སྐྱེ་བ་	VERB
སེམས་ཅན་	སེམས་ཅན་	NOUN
ལ་	ལ་	ADP
སྙིང་བརྩེ་	སྙིང་བརྩེ་	NOUN
བ་	བ་	ADP
སྙིང་རྗེ་	སྙིང་རྗེ་	NOUN
ཆེ་	ཆེ་	VERB
ན་པོ་	ན་པོ་	ADP
ལ་	ལ་	ADP
།		PUNCT
མཆོད་པ་	མཆོད་པ་	VERB
འི་	གི་	PART
རྒྱན་	རྒྱན་	NOUN
རྣམས་	རྣམས་	DET
ཐམས་ཅད་	ཐམས་ཅད་	DET
འཛིན་པ་	འཛིན་པ་	VERB
ཡི་	ཡི་	ADP
།		PUNCT
རང་	རང་	PRON
གི་	གི་	PART
སྙིང་ཁ་	སྙིང་ཁ་	NOUN
ན་	ནས་	PART
སྤྲུལ་པ་	སྤྲུལ་པ་	VERB
འི་	གི་	PART
ལྷ་མོ་	ལྷ་མོ་	NOUN
བརྒྱད་པོ་	བརྒྱད་པོ་	NUM
རྣམས་	རྣམས་	DET
ཀྱིས་	གིས་	PART
མཆོད་	མཆོད་	VERB
༑		PUNCT
ཇི་ལྟ་		
མཆོད་	མཆོད་	VERB
ན་	ན་	ADP
རང་	རང་	PRON
གི་	གི་	PART
སྙིང་ཁ་	སྙིང་ཁ་	NOUN
ན་	ནས་	PART
སྤྲུལ་པ་	སྤྲུལ་པ་	VERB
འི་	གི་	PART
དཀར་མོ་	དཀར་མོ་	ADJ
ས་	གིས་	PART
རི་དྭགས་	རི་དྭགས་	NOUN
མཚན་པ་	མཚན་པ་	VERB
ཟླ་བ་	ཟླ་བ་	NOUN
སྟེ་	སྟེ་	PART
ཐིག་ལེ་	ཐིག་ལེ་	NOUN
འཛིན་	འཛིན་	VERB
།		PUNCT
ཆོམ་རྐུན་	ཆོམ་རྐུན་	NOUN
མ་	མ་	PART
བདུད་	བདུད་	NOUN
ལ་	ལ་	ADP
ས་	གིས་	PART
རྒྱལ་	རྒྱལ་	VERB
ཉི་མ་	ཉི་མ་	NOUN
སྟེ་	སྟེ་	PART
རཀྟས་		NON_WORD
གང་བ་	གང་བ་	VERB
འི་	གི་	PART
སྣོད་	སྣོད་	NOUN
།		PUNCT
རོ་ལངས་	རོ་ལངས་	OTHER
མ་	མ་	PART
ནི་	ནི་	NO_POS
དྲི་ཆུ་	དྲི་ཆུ་	NO_POS
འཛིན་པ་	འཛིན་པ་	VERB
འི་	གི་	PART
ལག་	ལག་	NOUN
མ་	མ་	PART
།		PUNCT
གྷསྨ་		NON_WORD
རཱི་		NON_WORD
ནི་	ནི་	NO_POS
སྨན་	སྨན་	NOUN
དྲི་ཆེན་	དྲི་ཆེན་	NO_POS
འཛིན་	འཛིན་	VERB
ཅིང་	ཅིང་	PART
།		PUNCT
པུཀྐ་		NON_WORD
སཱི་		NON_WORD
ནི་	ནི་	NO_POS
རྡོ་རྗེ་	རྡོ་རྗེ་	NOUN
སྟེ་	སྟེ་	PART
ཤ་ཆེན་	ཤ་ཆེན་	NOUN
འཛིན་པ་	འཛིན་པ་	VERB
འི་	གི་	PART
ལག་	ལག་	NOUN
མ་	མ་	OTHER
མཆོད་པ་	མཆོད་པ་	VERB
ནི་	ནི་	NO_POS
ནང་	ནང་	NOUN
གི་	གི་	PART
བདུད་རྩི་	བདུད་རྩི་	NOUN
ལྔ་	ལྔ་	NUM
འོ་	གོ་	PART
། །		PUNCT
དེ་བཞིན་	དེ་བཞིན་	OTHER
དུ་	ལ་	PART
རི་ཁྲོད་	རི་ཁྲོད་	NOUN
མ་གྲུབ་པ་	མ་གྲུབ་པ་	NO_POS
འི་	གི་	PART
དངུལ་ཆུ་	དངུལ་ཆུ་	NOUN
འི་	གི་	PART
རོ་འཛིན་པ་	རོ་འཛིན་པ་	NOUN
དང་	དང་	NO_POS
།		PUNCT
གདོལ་པ་	གདོལ་པ་	NOUN
མོ་	མོ་	PRON
ནི་	ནི་	NO_POS
ཅང་ཏེའུ་	ཅང་ཏེའུ་	NOUN
བརྡུང་བ་	བརྡུང་བ་	VERB
སྒྲ་	སྒྲ་	NOUN
འི་	གི་	PART
མཆོད་པ་	མཆོད་པ་	VERB
གཉིས་	གཉིས་	NUM
ནི་	ནི་	NO_POS
ཕྱི་	ཕྱི་	NOUN
འོ་	གོ་	PART
།།		PUNCT
འདི་	འདི་	DET
རྣམས་	རྣམས་	DET
ཀྱིས་	གིས་	PART
ནི་	ནི་	NO_POS
གཙོ་བོ་	གཙོ་བོ་	ADJ
མཆོད་	མཆོད་	VERB
།		PUNCT
འདོད་ཆགས་	འདོད་ཆགས་	NOUN
ཆེན་པོ་	ཆེན་པོ་	ADJ
འི་	གི་	PART
རྗེས་ཆགས་པ་	རྗེས་ཆགས་པ་	NO_POS
ས་	གིས་	PART
།		PUNCT
གཡུང་མོ་	གཡུང་མོ་	NO_POS
ས་	གིས་	PART
སྐུ་	སྐུ་	NOUN
ལ་	ལ་	ADP
འཁྱུད་	འཁྱུད་	NO_POS
ན་	ནས་	PART
བདེ་བ་	བདེ་བ་	VERB
ས་	གིས་	PART
མཆོད་པ་	མཆོད་པ་	VERB
ཉིད་	ཉིད་	DET
དེ་དེ་	དེ་དེ་	NO_POS
ཁོ་ན་ཉིད་	ཁོ་ན་ཉིད་	NO_POS
ཀྱིའོ་		NON_WORD
། ༈ །		PUNCT
གདན་	གདན་	NOUN
གྱི་	གི་	PART
སྟེང་	སྟེང་	NOUN
དུ་	ལ་	PART
		
ཅ་	ཅ་	OTHER
		
ཨཱ་ལི་	ཨཱ་ལི་	NOUN
ལ་	ལ་	ADP
ས་	གིས་	PART
ཟླ་བ་	ཟླ་བ་	NOUN
ཀཱ་ལི་	ཀཱ་ལི་	OTHER
ལ་	ལ་	ADP
ས་	གིས་	PART
ཉི་མ་	ཉི་མ་	NOUN
།		PUNCT
ས་བོན་	ས་བོན་	NOUN
ཉི་ཟླ་	ཉི་ཟླ་	NOUN
ཁ་སྦྱོར་	ཁ་སྦྱོར་	OTHER
གྱི་	གི་	PART
ནང་	ནང་	NOUN
དུ་	ལ་	PART
སོན་པ་	སོན་པ་	VERB
ཡོངས་སུ་	ཡོངས་སུ་	NO_POS
གྱུར་པ་	གྱུར་པ་	VERB
ལ་	ལ་	ADP
ས་	གིས་	PART
རྡོ་རྗེ་	རྡོ་རྗེ་	NOUN
།		PUNCT
རྡོ་རྗེ་	རྡོ་རྗེ་	NOUN
དེ་ཉིད་	དེ་ཉིད་	NOUN
རྡོ་རྗེ་	རྡོ་རྗེ་	NOUN
སེམས་དཔའ་	སེམས་དཔའ་	NOUN
ཞེ་	ཅེས་	PART
བྱ་བ་	བྱ་བ་	VERB
འི་	གི་	PART
ངོ་བོ་	ངོ་བོ་	NOUN
ར་	ལ་	PART
བརྗོད་	བརྗོད་	VERB
།		PUNCT
མཆོག་	མཆོག་	ADJ
ཏུ་	ལ་	PART
དགའ་བ་	དགའ་བ་	VERB
འི་	གི་	PART
ལྷན་ཅིག་	ལྷན་ཅིག་	OTHER
སྐྱེས་པ་	སྐྱེས་པ་	VERB
འི་	གི་	PART
ཡེ་ཤེས་	ཡེ་ཤེས་	NOUN
ཀྱི་	གི་	PART
རང་བཞིན་	རང་བཞིན་	NOUN
ཅན་	ཅན་	PART
ནོ་	གོ་	PART
།		PUNCT
དེ་ལས་	དེ་ལས་	NO_POS
འོད་འཕྲོ་	འོད་འཕྲོ་	NO_POS
ས་པ་	ས་པ་	PART
ས་	གིས་	PART
		
ཇ་	ཇ་	OTHER
		
ནམ་མཁ་	ནམ་མཁའ་	NOUN
འི་	གི་	PART
དཀྱིལ་འཁོར་	དཀྱིལ་འཁོར་	NOUN
ཁྱབ་པ་	ཁྱབ་པ་	VERB
ཡི་	ཡི་	ADP
།		PUNCT
རང་	རང་	PRON
གི་	གི་	PART
ལུས་	ལུས་	NOUN
ཀྱི་	གི་	PART
ཁ་དོག་	ཁ་དོག་	NOUN
དང་	དང་	NO_POS
མཚུངས་པ་	མཚུངས་པ་	VERB
འི་	གི་	PART
འོད་	འོད་	NOUN
ཁ་དོག་	ཁ་དོག་	NOUN
སྔོན་པོ་	སྔོན་པོ་	ADJ
རྣམ་པ་	རྣམ་པ་	NOUN
ར་	ལ་	PART
སྤྲོ་བ་	སྤྲོ་བ་	VERB
ས་	གིས་	PART
སེམས་ཅན་	སེམས་ཅན་	NOUN
གྱི་	གི་	PART
དོན་	དོན་	NOUN
བྱ་	བྱ་	VERB
།		PUNCT
སླར་བསྡུ་	སླར་བསྡུ་	NO_POS
ས་	གིས་	PART
ན་	ནས་	PART
སྙིང་	སྙིང་	NOUN
ཀ་	ཀ་	DET
རྡོ་རྗེ་	རྡོ་རྗེ་	NOUN
འི་	གི་	PART
ལྟེ་བ་	ལྟེ་བ་	NOUN
ར་	ར་	ADP
བཀུག་པ་	བཀུག་པ་	VERB
ན་	ན་	ADP
ཉི་ཟླ་	ཉི་ཟླ་	NOUN
རྡོ་རྗེ་	རྡོ་རྗེ་	NOUN
དང་	དང་	NO_POS
བཅས་པ་	བཅས་པ་	VERB
འདྲེས་པ་	འདྲེས་པ་	VERB
ལ་	ལ་	ADP
ས་	གིས་	PART
།		PUNCT
ཡོ་ག་	ཡོ་ག་	NOUN
འི་	གི་	PART
རྣལ་འབྱོར་པ་	རྣལ་འབྱོར་པ་	NOUN
ཞེ་སྡང་	ཞེ་སྡང་	NOUN
རྡོ་རྗེ་	རྡོ་རྗེ་	NOUN
འི་	གི་	PART
བདག་ཉིད་	བདག་ཉིད་	NOUN
ཧེ་རུ་ཀ་	ཧེ་རུ་ཀ་	NOUN
ར་	ལ་	PART
འགྱུར་བ་	འགྱུར་བ་	VERB
ར་	ལ་	PART
བསྒོམ་པ་	བསྒོམ་པ་	VERB
ནི་	ནི་	NO_POS
རྒྱས་པ་	རྒྱས་པ་	VERB
སྟེ་	སྟེ་	PART
ཧེ་རུ་ཀ་	ཧེ་རུ་ཀ་	NOUN
གསུམ་	གསུམ་	NUM
གྱི་	གི་	PART
ཐུན་མོང་	ཐུན་མོང་	ADJ
གི་	གི་	PART
ཆོ་ག་	ཆོ་ག་	NOUN
འོ་	གོ་	PART
"།

༈ །"		PUNCT
སོ་སོ་	སོ་སོ་	PRON
འི་	གི་	PART
ཆོ་ག་	ཆོ་ག་	NOUN
ལ་	ལ་	ADP
ཕྱག་	ཕྱག་	NOUN
གཉིས་པ་	གཉིས་པ་	NUM
ནི་	ནི་	NO_POS
སྐུ་མདོག་	སྐུ་མདོག་	NOUN
སྔོ་	སྔོ་	VERB
དང་	དང་	NO_POS
གསལ་བ་	གསལ་བ་	VERB
ས་	གིས་	PART
ཉི་མ་	ཉི་མ་	NOUN
དང་	དང་	NO_POS
མཚུངས་པ་	མཚུངས་པ་	VERB
འི་	གི་	PART
མདོག་	མདོག་	NOUN
མེ་ཏོག་	མེ་ཏོག་	NOUN
བནྡུ་		NON_WORD
དམར་པོ་	དམར་པོ་	ADJ
ལྟ་བུ་	ལྟ་བུ་	NOUN
འི་	གི་	PART
སྤྱན་	སྤྱན་	NOUN
གསུམ་	གསུམ་	NUM
དང་	དང་	NO_POS
ལྡན་པ་	ལྡན་པ་	VERB
།		PUNCT
སངས་རྒྱས་	སངས་རྒྱས་	NOUN
ཀྱི་	གི་	PART
ཡོན་ཏན་	ཡོན་ཏན་	NOUN
གོང་	གོང་	NOUN
ན་	ནས་	PART
གོང་	གོང་	NOUN
དུ་	ལ་	PART
རྒྱས་པ་	རྒྱས་པ་	VERB
ས་	གིས་	PART
སྐྲ་སེ་	སྐྲ་སེ་	NO_POS
ར་པོ་	ར་པོ་	PART
གྱེན་	གྱེན་	NOUN
དུ་	ལ་	PART
འཁྱིལ་བ་	འཁྱིལ་བ་	NO_POS
དང་	དང་	NO_POS
།		PUNCT
དབུ་རྒྱན་	དབུ་རྒྱན་	NOUN
ལ་སོགས་པ་	ལ་སོགས་པ་	NO_POS
འི་	གི་	PART
རུས་པ་	རུས་པ་	NOUN
འི་	གི་	PART
རྒྱན་	རྒྱན་	NOUN
ཕྱག་རྒྱ་	ཕྱག་རྒྱ་	NOUN
ལྔ་	ལྔ་	NUM
ས་	གིས་	PART
ནི་	ནི་	NO_POS
རྣམ་པ་	རྣམ་པ་	NOUN
ར་	ལ་	PART
བརྒྱན་	བརྒྱན་	VERB
།		PUNCT
དེ་	དེ་	DET
རྒྱས་པ་	རྒྱས་པ་	VERB
ར་	ལ་	PART
བཤད་པ་	བཤད་པ་	VERB
ས་	གིས་	PART
སྤྱི་བོ་	སྤྱི་བོ་	NOUN
རུས་པ་	རུས་པ་	NOUN
འི་	གི་	PART
འཁོར་ལོ་	འཁོར་ལོ་	NOUN
རྣ་བ་	རྣ་བ་	NOUN
ལ་	ལ་	ADP
རྣ་ཆ་	རྣ་ཆ་	NOUN
མགྲིན་པ་	མགྲིན་པ་	NOUN
ར་	ལ་	PART
ནོར་བུ་	ནོར་བུ་	NOUN
དང་	དང་	NO_POS
༑		PUNCT
ལག་པ་	ལག་པ་	NOUN
དང་	དང་	NO_POS
རྐང་པ་	རྐང་པ་	NOUN
ལ་	ལ་	ADP
གདུབ་	གདུབ་	NO_POS
བུ་	བུ་	NOUN
རྣམས་	རྣམས་	DET
དང་	དང་	NO_POS
ནི་	ནི་	NO_POS
རྐེད་པ་	རྐེད་པ་	NOUN
ལ་	ལ་	ADP
སྐ་རགས་	སྐ་རགས་	NOUN
ཉིད་	ཉིད་	DET
དེ་	དེ་	DET
།		PUNCT
སངས་རྒྱས་	སངས་རྒྱས་	NOUN
ལྔ་	ལྔ་	NUM
ནི་	ནི་	NO_POS
རྣམ་པ་	རྣམ་པ་	NOUN
ར་	ལ་	PART
དག་པ་	དག་པ་	VERB
འི་	གི་	PART
རྒྱན་	རྒྱན་	NOUN
ལྔ་པོ་	ལྔ་པོ་	NUM
།		PUNCT
འདི་	འདི་	DET
རྣམས་	རྣམས་	DET
ནི་	ནི་	NO_POS
ཕྱག་རྒྱ་	ཕྱག་རྒྱ་	NOUN
ལྔ་	ལྔ་	NUM
ར་	ལ་	PART
རབ་ཏུ་	རབ་ཏུ་	NO_POS
གྲག་	གྲག་	VERB
།		PUNCT
བདུད་	བདུད་	NOUN
སྐྲག་པ་	སྐྲག་པ་	VERB
ར་	ལ་	PART
བྱེད་པ་	བྱེད་པ་	VERB
འི་	གི་	PART
སྡང་མིག་	སྡང་མིག་	NO_POS
བརྒྱད་	བརྒྱད་	NUM
གཉིས་	གཉིས་	NUM
ཏེ་ལོ་	ཏེ་ལོ་	PROPN
བཅུ་དྲུག་པ་	བཅུ་དྲུག་པ་	NO_POS
ཡི་	ཡི་	ADP
ཚུལ་	ཚུལ་	NOUN
།		PUNCT
ཕྱག་	ཕྱག་	NOUN
གཡོན་པ་	གཡོན་པ་	ADJ
ས་	གིས་	PART
རྡོ་རྗེ་	རྡོ་རྗེ་	NOUN
ཐོད་པ་	ཐོད་པ་	NOUN
ཁྲག་	ཁྲག་	NOUN
གིས་	གིས་	PART
གང་བ་	གང་བ་	VERB
དང་	དང་	NO_POS
།		PUNCT
གཡོན་པ་	གཡོན་པ་	ADJ
འི་	གི་	PART
གྲུ་མོ་	གྲུ་མོ་	NOUN
ན་	ནས་	PART
ཀྱང་	ཀྱང་	PART
ཁ་	ཁ་	PRON
ཊྭཱཾ་		NON_WORD
ཀ་	ཀ་	DET
ཕྱག་	ཕྱག་	NOUN
གཡའ་	གཡའ་	NOUN
ན་	ན་	ADP
རྡོ་རྗེ་	རྡོ་རྗེ་	NOUN
ནག་པོ་	ནག་པོ་	ADJ
ནམ་མཁའ་	ནམ་མཁའ་	NOUN
ལ་	ལ་	ADP
འཕྱར་བ་	འཕྱར་བ་	VERB
ཉིད་	ཉིད་	DET
། ༈		PUNCT
ངག་	ངག་	NOUN
ཏུ་	ལ་	PART
ཧཱུྃ་		NON_WORD
གི་	གི་	PART
ཡི་གེ་	ཡི་གེ་	NOUN
འདོན་པ་	འདོན་པ་	VERB
འི་	གི་	PART
བདག་	བདག་	PRON
འཁོར་	འཁོར་	NOUN
རྣལ་འབྱོར་	རྣལ་འབྱོར་	NOUN
མ་	མ་	PART
བརྒྱད་	བརྒྱད་	NUM
ཀྱིས་	གིས་	PART
ཡོངས་སུ་	ཡོངས་སུ་	NO_POS
བསྐོར་	བསྐོར་	VERB
ན་	ནས་	PART
།		PUNCT
གཞལ་ཡས་	གཞལ་ཡས་	ADJ
ཁང་	ཁང་	NOUN
མེད་པ་	མེད་པ་	VERB
ར་	ལ་	PART
གནས་	གནས་	NOUN
དུར་ཁྲོད་	དུར་ཁྲོད་	NOUN
དུ་	ལ་	PART
ནི་	ནི་	NO_POS
མགོན་པོ་	མགོན་པོ་	NOUN
ཕྱག་	ཕྱག་	NOUN
གཉིས་པ་	གཉིས་པ་	NUM
རོལ་	རོལ་	VERB
།		PUNCT
དབུགས་	དབུགས་	NOUN
རྒྱུ་བ་	རྒྱུ་བ་	VERB
ལ་	ལ་	ADP
ཤྭ་	ཤྭ་	NO_POS
ས་	ས་	ADP
ཏི་	ཏི་	NO_POS
ཟེ་	ཟེ་	VERB
ལ་	ལ་	ADP
ཤ་བ་	ཤ་བ་	NOUN
ནི་	ནི་	NO_POS
རོ་	རོ་	NOUN
།		PUNCT
ཝ་ས་	ཝ་ས་	NO_POS
ཏི་	ཏི་	NO_POS
ནི་	ནི་	NO_POS
གནས་པ་	གནས་པ་	VERB
ཞེ་	ཅེས་	PART
བྱ་	བྱ་	VERB
འི་	གི་	PART
རིག་པ་	རིག་པ་	VERB
འདི་	འདི་	DET
ས་	གིས་	PART
།		PUNCT
ཕྱི་རོ་	ཕྱི་རོ་	NO_POS
གནས་པ་	གནས་པ་	VERB
དང་	དང་	NO_POS
ནང་དབུགས་	ནང་དབུགས་	NO_POS
རྒྱུ་བ་	རྒྱུ་བ་	VERB
ས་	གིས་	PART
ལུས་	ལུས་	NOUN
ལ་དུ་	ལ་དུ་	NOUN
ར་	ལ་	PART
ཁྲོད་	ཁྲོད་	NOUN
ཅེས་	ཅེས་	PART
ནི་	ནི་	NO_POS
མངོན་པ་	མངོན་པ་	OTHER
བརྗོད་	བརྗོད་	VERB
དེ་	དེ་	DET
ཕྱག་	ཕྱག་	NOUN
གཉིས་པ་	གཉིས་པ་	NUM
འོ་	གོ་	PART
།། ༈		PUNCT
ཕྱག་	ཕྱག་	NOUN
བཞི་པ་	བཞི་པ་	ADJ
ནི་	ནི་	NO_POS
ཉོན་མོངས་པ་	ཉོན་མོངས་པ་	NOUN
།		PUNCT
ལྷ་	ལྷ་	NOUN
འི་	གི་	PART
བུ་	བུ་	NOUN
།		PUNCT
འཆི་བདག་	འཆི་བདག་	NOUN
ཕུང་པོ་	ཕུང་པོ་	NOUN
འི་	གི་	PART
བདུད་	བདུད་	NOUN
བཞི་	བཞི་	NUM
ལ་	ལ་	ADP
ས་	གིས་	PART
རྣམ་པ་	རྣམ་པ་	NOUN
ར་	ལ་	PART
རྒྱལ་བ་	རྒྱལ་བ་	NOUN
རྣམ་པ་	རྣམ་པ་	NOUN
ར་	ལ་	PART
དག་པ་	དག་པ་	VERB
སྟེ་	སྟེ་	PART
།		PUNCT
གོང་	གོང་	NOUN
དུ་	ལ་	PART
ཕྱག་	ཕྱག་	NOUN
གཉིས་པ་	གཉིས་པ་	NUM
འི་	གི་	PART
སྐབས་	སྐབས་	NOUN
སུ་	སུ་	ADP
བརྗོད་པ་	བརྗོད་པ་	VERB
འི་	གི་	PART
ཁྲོ་	ཁྲོ་	VERB
ཆགས་	ཆགས་	VERB
ཀྱི་	གི་	PART
གཟུགས་	གཟུགས་	NOUN
དང་	དང་	NO_POS
།		PUNCT
སྐུ་མདོག་	སྐུ་མདོག་	NOUN
སྔོན་པོ་	སྔོན་པོ་	ADJ
དང་	དང་	NO_POS
༑		PUNCT
ས་བོན་	ས་བོན་	NOUN
ཧཱུྃ་		NON_WORD
ལ་	ལ་	ADP
ས་	གིས་	PART
བྱུང་བ་	བྱུང་བ་	VERB
འོ་	གོ་	PART
། །		PUNCT
ཕྱག་	ཕྱག་	NOUN
གཡོན་	གཡོན་	NOUN
གྱི་	གི་	PART
དང་པོ་	དང་པོ་	ADJ
ན་	ན་	ADP
གཏི་མུག་	གཏི་མུག་	NOUN
སྤངས་པ་	སྤངས་པ་	VERB
ས་	གིས་	PART
སྐྱེས་པ་	སྐྱེས་པ་	VERB
འི་	གི་	PART
ཐོད་པ་	ཐོད་པ་	NOUN
འདོད་ཆགས་	འདོད་ཆགས་	NOUN
ལྷ་	ལྷ་	NOUN
དང་	དང་	NO_POS
ཞེ་སྡང་	ཞེ་སྡང་	NOUN
ལྷ་མ་	ལྷ་མ་	PROPN
ཡིན་	ཡིན་	NO_POS
གྱི་	གི་	PART
ཁྲག་	ཁྲག་	NOUN
གིས་	གིས་	PART
བཀང་བ་	བཀང་བ་	VERB
།		PUNCT
དེ་བཞིན་	དེ་བཞིན་	OTHER
དུ་	ལ་	PART
གཡའ་	གཡའ་	NOUN
ཀྱི་	གི་	PART
ཕྱག་	ཕྱག་	NOUN
ན་	ན་	ADP
དུག་	དུག་	NOUN
གསུམ་	གསུམ་	NUM
གྱི་	གི་	PART
གཉེན་པོ་	གཉེན་པོ་	NOUN
སྟོང་པ་ཉིད་	སྟོང་པ་ཉིད་	NOUN
ཀྱི་	གི་	PART
རང་བཞིན་	རང་བཞིན་	NOUN
རྡོ་རྗེ་	རྡོ་རྗེ་	NOUN
།		PUNCT
མདུན་ངོས་	མདུན་ངོས་	NO_POS
ཀྱི་	གི་	PART
ཕྱག་	ཕྱག་	NOUN
ལྷག་མ་	ལྷག་མ་	NOUN
དག་	དག་	DET
གིས་	གིས་	PART
ཤེས་རབ་	ཤེས་རབ་	NOUN
ལ་	ལ་	ADP
འཁྱུད་པ་	འཁྱུད་པ་	VERB
།		PUNCT
ཡུམ་	ཡུམ་	NOUN
ཤེས་རབ་	ཤེས་རབ་	NOUN
རྡོ་རྗེ་	རྡོ་རྗེ་	NOUN
ཕག་མོ་	ཕག་མོ་	PROPN
ནི་	ནི་	NO_POS
བཅོམ་ལྡན་འདས་	བཅོམ་ལྡན་འདས་	NOUN
ཀྱི་	གི་	PART
གཟུགས་ཅན་	གཟུགས་ཅན་	ADJ
ནོ་	གོ་	PART
སྟེ་	སྟེ་	PART
འོན་ཀྱང་	འོན་ཀྱང་	NO_POS
གྲི་གུག་	གྲི་གུག་	NOUN
ཐོད་པ་	ཐོད་པ་	NOUN
འཛིན་པ་	འཛིན་པ་	VERB
འི་	གི་	PART
ཕྱག་	ཕྱག་	NOUN
བཞི་པ་	བཞི་པ་	ADJ
འོ་	གོ་	PART
།། ༈		PUNCT
ཕྱག་	ཕྱག་	NOUN
དྲུག་པ་	དྲུག་པ་	NUM
།		PUNCT
ཞལ་	ཞལ་	NOUN
གསུམ་པ་	གསུམ་པ་	NUM
།		PUNCT
སེམས་ཅན་	སེམས་ཅན་	NOUN
ལ་	ལ་	ADP
ཆགས་པ་	ཆགས་པ་	VERB
ས་	གིས་	PART
གཡོན་	གཡོན་	NOUN
དམར་བ་	དམར་བ་	VERB
།		PUNCT
རང་བཞིན་	རང་བཞིན་	NOUN
གྱི་	གི་	PART
འོད་གསལ་བ་	འོད་གསལ་བ་	NO_POS
ས་	གིས་	PART
གཡའ་	གཡའ་	NOUN
ཟླ་བ་	ཟླ་བ་	NOUN
ལྟ་	ལྟ་	OTHER
དཀར་བ་	དཀར་བ་	VERB
དང་	དང་	NO_POS
ཉི་མ་	ཉི་མ་	NOUN
ལྟ་བུ་	ལྟ་བུ་	NOUN
ར་	ལ་	PART
གསལ་	གསལ་	VERB
ཞིང་	ཞིང་	SCONJ
དྭངས་པ་	དྭངས་པ་	VERB
།		PUNCT
དང་པོ་	དང་པོ་	ADJ
རྩ་བ་	རྩ་བ་	NOUN
འི་	གི་	PART
ཞལ་	ཞལ་	NOUN
ཆོ་	ཆོ་	NOUN
ཀྱི་	གི་	PART
སྐུ་	སྐུ་	NOUN
ལས་མི་	ལས་མི་	NOUN
འགྱུར་བ་	འགྱུར་བ་	VERB
ས་	གིས་	PART
སྔོན་པོ་	སྔོན་པོ་	ADJ
།		PUNCT
ཉོན་མོངས་པ་	ཉོན་མོངས་པ་	NOUN
འི་	གི་	PART
སྒྲིབ་གཡོགས་	སྒྲིབ་གཡོགས་	NOUN
དང་	དང་	NO_POS
བྲལ་བ་	བྲལ་བ་	VERB
ས་	གིས་	PART
གཅེར་བུ་	གཅེར་བུ་	ADJ
།		PUNCT
གོང་	གོང་	NOUN
དུ་	ལ་	PART
ཕྱག་	ཕྱག་	NOUN
གཉིས་པ་	གཉིས་པ་	NUM
འི་	གི་	PART
སྐབས་	སྐབས་	NOUN
སུ་	སུ་	ADP
བརྗོད་པ་	བརྗོད་པ་	VERB
འི་	གི་	PART
སྐུ་མདོག་	སྐུ་མདོག་	NOUN
སྔོན་པོ་	སྔོན་པོ་	ADJ
དང་	དང་	NO_POS
།		PUNCT
ཁྲོ་	ཁྲོ་	VERB
ཆགས་	ཆགས་	VERB
ཀྱི་	གི་	PART
གཟུགས་ཅན་	གཟུགས་ཅན་	ADJ
ཕྱག་	ཕྱག་	NOUN
རྣམས་	རྣམས་	DET
ནི་	ནི་	NO_POS
ཕ་རོལ་	ཕ་རོལ་	NOUN
ཏུ་	ལ་	PART
ཕྱིན་པ་	ཕྱིན་པ་	VERB
དྲུག་	དྲུག་	NUM
རྣམ་པ་	རྣམ་པ་	NOUN
ར་	ལ་	PART
དག་པ་	དག་པ་	VERB
འོ་	གོ་	PART
། །		PUNCT
ཕྱག་	ཕྱག་	NOUN
གཡོན་	གཡོན་	NOUN
གྱི་	གི་	PART
དང་པོ་	དང་པོ་	ADJ
ན་	ན་	ADP
དུག་	དུག་	NOUN
གསུམ་	གསུམ་	NUM
འཇོམས་པ་	འཇོམས་པ་	VERB
ས་	གིས་	PART
ན་	ན་	ADP
རྩེ་	རྩེ་	NOUN
གསུམ་པ་	གསུམ་པ་	NUM
།		PUNCT
ཕྱག་	ཕྱག་	NOUN
གཡའ་	གཡའ་	NOUN
ཀྱི་	གི་	PART
དང་པོ་	དང་པོ་	ADJ
ན་	ན་	ADP
རྟོག་པ་	རྟོག་པ་	VERB
འཇོམས་པ་	འཇོམས་པ་	VERB
ས་	གིས་	PART
རྡོ་རྗེ་	རྡོ་རྗེ་	NOUN
།		PUNCT
ཕྱག་	ཕྱག་	NOUN
གཡོན་	གཡོན་	NOUN
གྱི་	གི་	PART
གཉིས་པ་	གཉིས་པ་	NUM
ན་	ན་	ADP
སྟོང་པ་ཉིད་	སྟོང་པ་ཉིད་	NOUN
ཆོ་	ཆོ་	NOUN
ཀྱི་	གི་	PART
སྒྲ་	སྒྲ་	NOUN
སྒྲོགས་པ་	སྒྲོགས་པ་	VERB
ས་	གིས་	PART
ན་	ན་	ADP
དྲིལ་བུ་	དྲིལ་བུ་	NOUN
།		PUNCT
ཕྱག་	ཕྱག་	NOUN
གཡའ་	གཡའ་	NOUN
ཀྱི་	གི་	PART
གཉིས་པ་	གཉིས་པ་	NUM
ན་	ན་	ADP
སྐྱོན་	སྐྱོན་	NOUN
དྲུག་	དྲུག་	NUM
གཅོད་པ་	གཅོད་པ་	VERB
ས་	གིས་	PART
གྲི་གུག་	གྲི་གུག་	NOUN
རྩ་བ་	རྩ་བ་	NOUN
འི་	གི་	PART
ཕྱག་	ཕྱག་	NOUN
ལྷག་མ་	ལྷག་མ་	NOUN
དག་	དག་	DET
གིས་	གིས་	PART
ཡུམ་	ཡུམ་	NOUN
རྡོ་རྗེ་	རྡོ་རྗེ་	NOUN
ལུ་གུ་རྒྱུད་	ལུ་གུ་རྒྱུད་	NO_POS
མ་ལ་	མ་ལ་	INTJ
འཁྱུད་	འཁྱུད་	NO_POS
ན་	ནས་	PART
སྙོམས་པ་		
འཇུག་པ་	འཇུག་པ་	VERB
།		PUNCT
ཁྲོ་	ཁྲོ་	VERB
ཆགས་	ཆགས་	VERB
ཀྱི་	གི་	PART
སྐུ་	སྐུ་	NOUN
དང་	དང་	NO_POS
མདོག་	མདོག་	NOUN
བཅོམ་ལྡན་འདས་	བཅོམ་ལྡན་འདས་	NOUN
ཇི་ལྟ་བ་	ཇི་ལྟ་བ་	ADJ
དེ་ལྟ་	དེ་ལྟ་	NO_POS
ཤེས་རབ་	ཤེས་རབ་	NOUN
སྟེ་	སྟེ་	PART
།		PUNCT
འོན་ཀྱང་	འོན་ཀྱང་	NO_POS
ཕྱག་	ཕྱག་	NOUN
གཡས་པ་	གཡས་པ་	VERB
དང་	དང་	NO_POS
གཡོན་པ་	གཡོན་པ་	ADJ
ན་	ན་	ADP
གྲི་གུག་	གྲི་གུག་	NOUN
དང་	དང་	NO_POS
ཐོད་པ་	ཐོད་པ་	NOUN
འཛིན་པ་	འཛིན་པ་	VERB
ཁམས་	ཁམས་	NOUN
གསུམ་	གསུམ་	NUM
གྱི་	གི་	PART
བདག་ཉིད་	བདག་ཉིད་	NOUN
ཅན་	ཅན་	PART
ཆོ་	ཆོ་	NOUN
ཀྱི་	གི་	PART
དབྱིངས་	དབྱིངས་	NOUN
གྱི་	གི་	PART
རོ་	རོ་	NOUN
མནན་པ་	མནན་པ་	VERB
འོ་	གོ་	PART
།། ༈		PUNCT
དཔལ་	དཔལ་	OTHER
ཧེ་རུ་ཀ་	ཧེ་རུ་ཀ་	NOUN
བསྐྱེད་པ་	བསྐྱེད་པ་	VERB
ལྷ་	ལྷ་	NOUN
འི་	གི་	PART
ལེའུ་	ལེའུ་	NOUN
སྟེ་	སྟེ་	PART
གསུམ་	གསུམ་	NUM
པཤོ་		NON_WORD
ལོ་ཀ་	ལོ་ཀ་	NO_POS
ཉི་ཤུ་	ཉི་ཤུ་	NUM
རྩ་	རྩ་	NUM
བཞི་	བཞི་	NUM
འོ་	གོ་	PART
འོ་	འོ་	PART
།། །། ༈		PUNCT
དེ་ལྟ་	དེ་ལྟ་	NO_POS
ལྷ་	ལྷ་	NOUN
བསྐྱེད་པ་	བསྐྱེད་པ་	VERB
ལ་	ལ་	ADP
དབང་	དབང་	NOUN
བསྐུར་བ་	བསྐུར་བ་	VERB
འི་	གི་	PART
ལེའུ་	ལེའུ་	NOUN
བཤད་པ་	བཤད་པ་	VERB
ར་	ལ་	PART
བྱ་	བྱ་	VERB
འོ་	གོ་	PART
། །		PUNCT
རང་	རང་	PRON
གི་	གི་	PART
སྙིང་ཁ་	སྙིང་ཁ་	NOUN
ར་	ལ་	PART
ས་བོན་	ས་བོན་	NOUN
ཧཱུྃ་		NON_WORD
བསམ་	བསམ་	NOUN
མོ་	མོ་	PRON
།		PUNCT
ས་བོན་	ས་བོན་	NOUN
དེ་ལས་	དེ་ལས་	NO_POS
འོད་ཟེར་	འོད་ཟེར་	NOUN
ནག་པོ་	ནག་པོ་	ADJ
ལྕགས་ཀྱུ་	ལྕགས་ཀྱུ་	NOUN
འི་	གི་	PART
རྣམ་པ་	རྣམ་པ་	NOUN
འི་	གི་	PART
གཟུགས་	གཟུགས་	NOUN
ཀྱིས་	གིས་	PART
ཕྱུང་	ཕྱུང་	VERB
ན་	ནས་	PART
སྤྲོས་པ་	སྤྲོས་པ་	VERB
ས་	གིས་	PART
དེ་	དེ་	DET
ས་	གིས་	PART
སྤྲུལ་པ་	སྤྲུལ་པ་	VERB
འི་	གི་	PART
སྐུ་ཁམས་	སྐུ་ཁམས་	NOUN
གསུམ་	གསུམ་	NUM
དུ་	ལ་	PART
བཞུགས་པ་	བཞུགས་པ་	VERB
འི་	གི་	PART
སངས་རྒྱས་	སངས་རྒྱས་	NOUN
རིག་མ་	རིག་མ་	NOUN
ཁྲོ་བོ་	ཁྲོ་བོ་	NOUN
མཆོད་པ་	མཆོད་པ་	VERB
འི་	གི་	PART
ལྷ་མོ་	ལྷ་མོ་	NOUN
ཐམས་ཅད་	ཐམས་ཅད་	DET
མདུན་	མདུན་	NOUN
གྱི་	གི་	PART
ནམ་མཁ་	ནམ་མཁའ་	NOUN
ར་	ལ་	PART
སྤྱན་	སྤྱན་	NOUN
དྲངས་	དྲངས་	NO_POS
ལ་	ལ་	ADP
༑ ༈		PUNCT
གཽ་	གཽ་	NO_POS
རཱི་		NON_WORD
ལ་སོགས་པ་	ལ་སོགས་པ་	NO_POS
འི་	གི་	PART
ལྷ་མོ་	ལྷ་མོ་	NOUN
བརྒྱད་	བརྒྱད་	NUM
ཀྱིས་	གིས་	PART
ཡང་དག་པ་	ཡང་དག་པ་	ADJ
ར་	ལ་	PART
མཆོད་ནས་	མཆོད་ནས་	NO_POS
དབང་	དབང་	NOUN
བསྐུར་བ་	བསྐུར་བ་	VERB
ར་	ལ་	PART
གསོལ་བ་	གསོལ་བ་	VERB
གདབ་པ་	གདབ་པ་	VERB
ར་	ལ་	PART
བྱ་	བྱ་	VERB
འོ་	གོ་	PART
། །		PUNCT
དེ་	དེ་	DET
འང་	ཀྱང་	PART
ཨོཾ་	ཨོཾ་	X
ཨ་	ཨ་	X
བྷི་		NON_WORD
ཥིཉྩ་		NON_WORD
ཏུ་	ལ་	PART
མཱཾ་		NON_WORD
སརྦ་	སརྦ་	NO_POS
ཏ་	ཏ་	OTHER
ཐཱ་		NON_WORD
ག་	ག་	PRON
ཏ་	ཏ་	OTHER
དེ་བཞིན་	དེ་བཞིན་	OTHER
གཤེགས་པ་	གཤེགས་པ་	VERB
ཐམས་ཅད་	ཐམས་ཅད་	DET
ཀྱིས་	གིས་	PART
བདག་	བདག་	PRON
ལ་	ལ་	ADP
དབང་	དབང་	NOUN
བསྐུར་	བསྐུར་	NO_POS
དུ་	ལ་	PART
གསོལ་	གསོལ་	VERB
ཞེ་	ཅེས་	PART
གསོལ་བ་	གསོལ་བ་	VERB
བཏབ་པ་	བཏབ་པ་	VERB
ས་	གིས་	PART
སངས་རྒྱས་	སངས་རྒྱས་	NOUN
དེ་	དེ་	DET
རྣམས་	རྣམས་	DET
ཧེ་རུ་ཀ་	ཧེ་རུ་ཀ་	NOUN
རིགས་	རིགས་	NOUN
ལྔ་	ལྔ་	NUM
འི་	གི་	PART
རྣམ་པ་	རྣམ་པ་	NOUN
འི་	གི་	PART
གཟུགས་	གཟུགས་	NOUN
ཀྱིས་	གིས་	PART
དེ་བཞིན་	དེ་བཞིན་	OTHER
གཤེགས་པ་	གཤེགས་པ་	VERB
ལྔ་	ལྔ་	NUM
འི་	གི་	PART
བདག་ཉིད་	བདག་ཉིད་	NOUN
ཀྱི་	གི་	PART
ཡེ་ཤེས་	ཡེ་ཤེས་	NOUN
ཀྱི་	གི་	PART
བདུད་རྩི་	བདུད་རྩི་	NOUN
ལྔ་	ལྔ་	NUM
ས་	གིས་	PART
ཡོངས་སུ་	ཡོངས་སུ་	NO_POS
གང་བ་	གང་བ་	VERB
འི་	གི་	PART
བུམ་པ་	བུམ་པ་	NOUN
ས་	གིས་	PART
བདག་	བདག་	PRON
གི་	གི་	PART
སྤྱི་བོ་	སྤྱི་བོ་	NOUN
ན་	ནས་	PART
དབང་	དབང་	NOUN
བསྐུར་བ་	བསྐུར་བ་	VERB
ར་	ལ་	PART
བྱ་	བྱ་	VERB
འོ་	གོ་	PART
། །		PUNCT
སངས་རྒྱས་	སངས་རྒྱས་	NOUN
རྣམས་	རྣམས་	DET
ཀྱིས་	གིས་	PART
དབང་	དབང་	NOUN
བསྐུར་བ་	བསྐུར་བ་	VERB
ན་	ན་	ADP
ལྷ་མོ་	ལྷ་མོ་	NOUN
རྣམས་	རྣམས་	DET
ཀྱིས་	གིས་	PART
མེ་ཏོག་	མེ་ཏོག་	NOUN
གི་	གི་	PART
ཆ་	ཆ་	NOUN
ར་	ལ་	PART
འབབ་པ་	འབབ་པ་	VERB
ར་	ལ་	PART
འགྱུར་	འགྱུར་	VERB
རོ་	རོ་	NOUN
། །		PUNCT
རྔ་	རྔ་	NOUN
འི་	གི་	PART
སྒྲ་	སྒྲ་	NOUN
འབྱུང་བ་	འབྱུང་བ་	VERB
ར་	ལ་	PART
འགྱུར་	འགྱུར་	VERB
རོ་	རོ་	NOUN
། །		PUNCT
གུར་གུམ་	གུར་གུམ་	NO_POS
གྱི་	གི་	PART
ཆུ་	ཆུ་	NOUN
འི་	གི་	PART
ཆ་	ཆ་	NOUN
ར་	ལ་	PART
འབབ་པ་	འབབ་པ་	VERB
ར་	ལ་	PART
འགྱུར་	འགྱུར་	VERB
རོ་	རོ་	NOUN
། །		PUNCT
དེ་ལྟ་	དེ་ལྟ་	NO_POS
གཟུགས་	གཟུགས་	NOUN
རྡོ་རྗེ་	རྡོ་རྗེ་	NOUN
མ་ལ་	མ་ལ་	INTJ
སོགས་པ་	སོགས་པ་	DET
རྣམས་	རྣམས་	DET
ཀྱིས་	གིས་	PART
མཆོད་པ་	མཆོད་པ་	VERB
ར་	ལ་	PART
བྱ་	བྱ་	VERB
འོ་	གོ་	PART
། །		PUNCT
རྡོ་རྗེ་	རྡོ་རྗེ་	NOUN
འི་	གི་	PART
གླུ་	གླུ་	NOUN
སྤྱན་	སྤྱན་	NOUN
ལ་སོགས་པ་	ལ་སོགས་པ་	NO_POS
རིག་མ་	རིག་མ་	NOUN
རྣམས་	རྣམས་	DET
ཀྱིས་	གིས་	PART
བླང་བ་	བླང་བ་	VERB
ར་	ལ་	PART
བྱ་	བྱ་	VERB
འོ་	གོ་	PART
།		PUNCT
ཁྲོ་བོ་	ཁྲོ་བོ་	NOUN
རྣམས་	རྣམས་	DET
ཀྱི་	གི་	PART
བགེགས་བསྐྲད་པ་	བགེགས་བསྐྲད་པ་	NO_POS
ར་	ལ་	PART
བསམ་	བསམ་	NOUN
མོ་	མོ་	PRON
། ༈ །		PUNCT
དེ་ལྟ་	དེ་ལྟ་	NO_POS
དབང་	དབང་	NOUN
བསྐུར་བ་	བསྐུར་བ་	VERB
ནས་ཆུ་	ནས་ཆུ་	NO_POS
ལྷག་མ་	ལྷག་མ་	NOUN
ཡ་	ཡ་	OTHER
ལུད་པ་	ལུད་པ་	VERB
ས་	གིས་	PART
སྤྱི་བོ་	སྤྱི་བོ་	NOUN
ར་	ལ་	PART
རང་	རང་	PRON
གི་	གི་	PART
རིགས་	རིགས་	NOUN
ཀྱི་	གི་	PART
བདག་པོ་	བདག་པོ་	NOUN
ར་	ལ་	PART
འགྱུར་	འགྱུར་	VERB
རོ་	རོ་	NOUN
། །		PUNCT
འདི་	འདི་	DET
ས་	གིས་	PART
ནི་	ནི་	NO_POS
ཧེ་རུ་ཀ་	ཧེ་རུ་ཀ་	NOUN
ཡན་ལག་	ཡན་ལག་	NOUN
བཞི་	བཞི་	NUM
འི་	གི་	PART
རྫོགས་པ་	རྫོགས་པ་	VERB
ཉིད་	ཉིད་	DET
དོ་	གོ་	PART
། ༈ །		PUNCT
སྒོམ་པ་	སྒོམ་པ་	VERB
འི་	གི་	PART
གྲངས་	གྲངས་	NOUN
ཐུན་	ཐུན་	NOUN
གསུམ་	གསུམ་	NUM
དུ་	ལ་	PART
བྱིན་	བྱིན་	VERB
གྱིས་	གིས་	PART
བརླབས་པ་	བརླབས་པ་	VERB
འི་	གི་	PART
བསྒོམ་པ་	བསྒོམ་པ་	VERB
རྣམ་པ་	རྣམ་པ་	NOUN
ར་	ལ་	PART
བསྒོམས་	བསྒོམས་	VERB
ན་	ནས་	PART
། ༈		PUNCT
མཉམ་	མཉམ་	VERB
གཞག་	གཞག་	VERB
ལ་	ལ་	ADP
ས་	གིས་	PART
ལངས་	ལངས་	VERB
ཏེ་	སྟེ་	PART
སྤྱོད་ལམ་	སྤྱོད་ལམ་	NOUN
གྱི་	གི་	PART
དུས་	དུས་	NOUN
སུ་	སུ་	ADP
བདག་	བདག་	PRON
དང་	དང་	NO_POS
སྣང་བ་	སྣང་བ་	VERB
ཐམས་ཅད་	ཐམས་ཅད་	DET
ལྷ་	ལྷ་	NOUN
འི་	གི་	PART
གཟུགས་	གཟུགས་	NOUN
སུ་	སུ་	ADP
བཞག་	བཞག་	VERB
ཅིང་	ཅིང་	PART
བསྒོམ་	བསྒོམ་	VERB
མོ་	མོ་	PRON
།		PUNCT
གོ་	གོ་	VERB
། ༈		PUNCT
དབང་	དབང་	NOUN
གི་	གི་	PART
ལེའུ་	ལེའུ་	NOUN
སྟེ་	སྟེ་	PART
བཞི་	བཞི་	NUM
ཤོ་ལོ་	ཤོ་ལོ་	NO_POS
ཀ་	ཀ་	DET
དྲུག་པ་	དྲུག་པ་	NUM
འོ་	གོ་	PART
།། །།༈		PUNCT
དེ་ནས་	དེ་ནས་	NO_POS
ཆོ་	ཆོ་	NOUN
ཐམས་ཅད་	ཐམས་ཅད་	DET
ཀྱི་	གི་	PART
དེ་	དེ་	DET
ཁོ་ན་ཉིད་	ཁོ་ན་ཉིད་	NO_POS
ཀྱི་	གི་	PART
རྟོགས་པ་	རྟོགས་པ་	VERB
ར་	ལ་	PART
བྱེད་པ་	བྱེད་པ་	VERB
འི་	གི་	PART
ལེའུ་	ལེའུ་	NOUN
བཤད་པ་	བཤད་པ་	VERB
ར་	ལ་	PART
བྱ་	བྱ་	VERB
འོ་	གོ་	PART
༑༑ ༈		PUNCT
ངོ་བོ་	ངོ་བོ་	NOUN
ས་	གིས་	PART
བདེན་པ་	བདེན་པ་	VERB
ར་	ལ་	PART
གྲུབ་པ་	གྲུབ་པ་	VERB
འི་	གི་	PART
གཟུགས་	གཟུགས་	NOUN
མེད་	མེད་	VERB
དེ་	དེ་	DET
གཅིག་	གཅིག་	NUM
དང་	དང་	NO_POS
དུ་མ་	དུ་མ་	ADJ
དང་	དང་	NO_POS
བྲལ་བ་	བྲལ་བ་	VERB
འི་	གི་	PART
ཕྱི་	ཕྱི་	OTHER
རོ་	རོ་	NOUN
གཟུགས་	གཟུགས་	NOUN
མེད་པ་	མེད་པ་	VERB
ས་	གིས་	PART
མཐོང་བ་པོ་	མཐོང་བ་པོ་	VERB
མིག་	མིག་	NOUN
མེད་	མེད་	VERB
།		PUNCT
གཟུགས་	གཟུགས་	NOUN
མེད་པ་	མེད་པ་	VERB
བཞིན་	བཞིན་	NOUN
དུ་	ལ་	PART
སྒྲ་མེད་	སྒྲ་མེད་	NO_POS
ལ་	ལ་	ADP
སྒྲ་མེད་པ་	སྒྲ་མེད་པ་	NO_POS
ས་	གིས་	PART
ཐོས་པ་པོ་	ཐོས་པ་པོ་	VERB
རྣ་བ་	རྣ་བ་	NOUN
ཡང་	ཀྱང་	PART
མེད་	མེད་	VERB
།		PUNCT
དེ་བཞིན་	དེ་བཞིན་	OTHER
དུ་	ལ་	PART
དྲི་མེད་པ་	དྲི་མེད་པ་	ADJ
ས་	གིས་	PART
སྣོམ་པ་པོ་	སྣོམ་པ་པོ་	NO_POS
སྣ་	སྣ་	NOUN
ཡང་	ཀྱང་	PART
མེད་	མེད་	VERB
།		PUNCT
རོ་	རོ་	NOUN
མེད་པ་	མེད་པ་	VERB
ས་	གིས་	PART
མྱོང་བ་པོ་	མྱོང་བ་པོ་	VERB
ལྕེ་	ལྕེ་	NOUN
ཡང་	ཀྱང་	PART
མེད་	མེད་	VERB
།		PUNCT
རེག་བྱ་	རེག་བྱ་	NOUN
མེད་པ་	མེད་པ་	VERB
ས་	གིས་	PART
རེག་པ་པོ་	རེག་པ་པོ་	VERB
ལུས་	ལུས་	NOUN
ཡང་	ཀྱང་	PART
མེད་	མེད་	VERB
།		PUNCT
ཆོ་	ཆོ་	NOUN
མེད་པ་	མེད་པ་	VERB
ས་	གིས་	PART
རྟོག་པ་པོ་	རྟོག་པ་པོ་	VERB
ཡིད་	ཡིད་	NOUN
མེད་	མེད་	VERB
དེ་ལྟ་	དེ་ལྟ་	NO_POS
སེམས་	སེམས་	NOUN
རྣམ་ཤེས་	རྣམ་ཤེས་	NOUN
ཚོགས་	ཚོགས་	NOUN
དྲུག་	དྲུག་	NUM
མེད་པ་	མེད་པ་	VERB
ས་	གིས་	PART
སེམས་ལས་	སེམས་ལས་	NOUN
བྱུང་བ་	བྱུང་བ་	VERB
ལྔ་	ལྔ་	NUM
བཅུ་	བཅུ་	NUM
རྩ་	རྩ་	NUM
གཅིག་	གཅིག་	NUM
ཡང་	ཀྱང་	PART
མེད་	མེད་	VERB
དོ་	གོ་	PART
།། ༈		PUNCT
གསང་དབང་	གསང་དབང་	NO_POS
གི་	གི་	PART
རྟེན་	རྟེན་	NOUN
སྐྱེད་བྱེད་མ་	སྐྱེད་བྱེད་མ་	NO_POS
དང་	དང་	NO_POS
ཤེས་རབ་	ཤེས་རབ་	NOUN
ཡེ་ཤེས་	ཡེ་ཤེས་	NOUN
ཀྱི་	གི་	PART
དབང་	དབང་	NOUN
གི་	གི་	PART
རྟེན་	རྟེན་	NOUN
སྲིང་མོ་	སྲིང་མོ་	NOUN
ཉིད་	ཉིད་	DET
།		PUNCT
རྣལ་འབྱོར་པ་	རྣལ་འབྱོར་པ་	NOUN
དཀྱིལ་འཁོར་	དཀྱིལ་འཁོར་	NOUN
འཁོར་ལོ་	འཁོར་ལོ་	NOUN
འི་	གི་	PART
དེ་ཉིད་	དེ་ཉིད་	NOUN
རིག་པ་	རིག་པ་	VERB
ས་	གིས་	PART
དབང་	དབང་	NOUN
དུས་	དུས་	NOUN
དང་	དང་	NO_POS
ལམ་	གམ་	PART
དུས་	དུས་	NOUN
རྟག་	རྟག་	VERB
ཏུ་	ལ་	PART
མཆོད་	མཆོད་	VERB
། ༈		PUNCT
དེ་	དེ་	DET
རྒྱས་པ་	རྒྱས་པ་	VERB
ར་	ལ་	PART
བཤད་པ་	བཤད་པ་	VERB
གར་མཁན་མ་	གར་མཁན་མ་	NO_POS
དང་	དང་	NO_POS
།		PUNCT
ཚོ་	ཚོ་	NOUN
མཁན་	མཁན་	PROPN
མ་	མ་	PART
དང་	དང་	NO_POS
།		PUNCT
རྡོ་རྗེ་	རྡོ་རྗེ་	NOUN
མ་	མ་	PART
གཡུང་མོ་	གཡུང་མོ་	NO_POS
དང་	དང་	NO_POS
།		PUNCT
གདོལ་པ་	གདོལ་པ་	NOUN
མ་	མ་	PART
ཤན་པ་	ཤན་པ་	NOUN
མོ་	མོ་	PRON
དང་	དང་	NO_POS
དེ་བཞིན་	དེ་བཞིན་	OTHER
དུ་	ལ་	PART
བྲམ་ཟེ་	བྲམ་ཟེ་	NOUN
མ་	མ་	PART
རིགས་	རིགས་	NOUN
ལྔ་	ལྔ་	NUM
ལ་	ལ་	ADP
ས་	གིས་	PART
བྱུང་བ་	བྱུང་བ་	VERB
འི་	གི་	PART
ཕྱག་རྒྱ་	ཕྱག་རྒྱ་	NOUN
མོ་	མོ་	PRON
ལྔ་	ལྔ་	NUM
།		PUNCT
སྒྲུབ་	སྒྲུབ་	VERB
པཔོ་		NON_WORD
ཐབས་	ཐབས་	NOUN
དང་	དང་	NO_POS
རིག་མ་	རིག་མ་	NOUN
ཤེས་རབ་	ཤེས་རབ་	NOUN
ཀྱི་	གི་	PART
ཆོ་ག་	ཆོ་ག་	NOUN
སྦྱོར་བ་	སྦྱོར་བ་	VERB
འདུ་ཤེས་	འདུ་ཤེས་	NOUN
གསུམ་	གསུམ་	NUM
དངོས་གཞི་	དངོས་གཞི་	NOUN
དབབ་	དབབ་	NO_POS
གཟུང་	གཟུང་	VERB
རྗེས་	རྗེས་	NOUN
བཟློག་	བཟློག་	VERB
ཁྱབ་	ཁྱབ་	VERB
ཀྱི་	གི་	PART
བྱ་བ་	བྱ་བ་	VERB
ཡི་	གིས་	PART
།		PUNCT
དཀྱིལ་འཁོར་	དཀྱིལ་འཁོར་	NOUN
འཁོར་ལོ་	འཁོར་ལོ་	NOUN
འི་	གི་	PART
དེ་ཉིད་	དེ་ཉིད་	NOUN
རིག་པ་	རིག་པ་	VERB
འི་	གི་	PART
རྣལ་འབྱོར་པ་	རྣལ་འབྱོར་པ་	NOUN
ས་	གིས་	PART
དུས་	དུས་	NOUN
རྟག་	རྟག་	VERB
ཏུ་	ལ་	PART
མཆོད་	མཆོད་	VERB
། ༈ །		PUNCT
ཇི་ལྟ་		
དབང་མ་	དབང་མ་	NO_POS
ཐོབ་པ་	ཐོབ་པ་	VERB
ས་	གིས་	PART
མི་	མི་	PART
ཚོར་བ་	ཚོར་བ་	VERB
དང་	དང་	NO_POS
ཐིག་ལེ་	ཐིག་ལེ་	NOUN
ལུས་	ལུས་	NOUN
ལ་	ལ་	ADP
ས་	གིས་	PART
བྱེ་	བྱེ་	NOUN
བར་མི་	བར་མི་	NO_POS
འགྱུར་བ་	འགྱུར་བ་	VERB
ར་	ལ་	PART
།		PUNCT
ཁ་ན་མ་ཐོ་བ་	ཁ་ན་མ་ཐོ་བ་	NO_POS
མེད་པ་	མེད་པ་	VERB
ས་	གིས་	PART
རབ་ཏུ་	རབ་ཏུ་	NO_POS
ལེ་ལོ་	ལེ་ལོ་	NOUN
མེད་པ་	མེད་པ་	VERB
ར་	ལ་	PART
འབད་པ་	འབད་པ་	VERB
ར་	ལ་	PART
བསྟེན་པ་	བསྟེན་པ་	VERB
ཉིད་	ཉིད་	DET
། ༈		PUNCT
བྱེ་བ་	བྱེ་བ་	NOUN
འི་	གི་	PART
སྐྱོན་	སྐྱོན་	NOUN
མ་	མ་	PART
གསང་	གསང་	VERB
ཞིང་	ཞིང་	SCONJ
ཐིག་ལེ་	ཐིག་ལེ་	NOUN
ཉམས་	ཉམས་	NOUN
ན་	ན་	ADP
སྦྲུལ་	སྦྲུལ་	NOUN
ཀླུ་	ཀླུ་	NOUN
དང་	དང་	NO_POS
ཞེ་སྡང་	ཞེ་སྡང་	NOUN
ཆོམ་རྐུན་	ཆོམ་རྐུན་	NOUN
དགྲ་	དགྲ་	NOUN
རྣམ་རྟོག་	རྣམ་རྟོག་	NOUN
དང་	དང་	NO_POS
།		PUNCT
ས་སྤྱོད་	ས་སྤྱོད་	NO_POS
རྒྱལ་པོ་	རྒྱལ་པོ་	NOUN
དང་	དང་	NO_POS
བདག་	བདག་	PRON
འཛིན་	འཛིན་	VERB
མེ་	མེ་	NOUN
ལ་སོགས་པ་	ལ་སོགས་པ་	NO_POS
འབྱུང་བ་	འབྱུང་བ་	VERB
ཡི་	གིས་	PART
འཇིགས་པ་	འཇིགས་པ་	VERB
སྡུག་བསྔལ་	སྡུག་བསྔལ་	NOUN
བ་	བ་	NOUN
བྱེད་	བྱེད་	VERB
། ། ༈		PUNCT
རིགས་	རིགས་	NOUN
ལྔ་	ལྔ་	NUM
ས་	གིས་	PART
བཟུང་བ་	བཟུང་བ་	VERB
འི་	གི་	PART
ཕྱག་རྒྱ་	ཕྱག་རྒྱ་	NOUN
བྲམ་ཟེ་	བྲམ་ཟེ་	NOUN
མོ་	མོ་	PRON
ཞེ་	ཅེས་	PART
བྱ་བ་	བྱ་བ་	VERB
ལ་སོགས་པ་	ལ་སོགས་པ་	NO_POS
ལྔ་	ལྔ་	NUM
ནི་	ནི་	NO_POS
།		PUNCT
བསྟེན་	བསྟེན་	VERB
ན་	ན་	ADP
ཐར་པ་	ཐར་པ་	VERB
སངས་རྒྱས་	སངས་རྒྱས་	NOUN
ཐོབ་པ་	ཐོབ་པ་	VERB
འི་	གི་	PART
རྒྱུ་	རྒྱུ་	NOUN
ར་	ལ་	PART
ནི་	ནི་	NO_POS
བརྗོད་པ་	བརྗོད་པ་	VERB
ར་	ལ་	PART
བྱ་	བྱ་	VERB
སྟེ་	སྟེ་	PART
བསྟེན་པ་	བསྟེན་པ་	VERB
འི་	གི་	PART
ཕན་ཡོན་	ཕན་ཡོན་	NOUN
ནོ་	གོ་	PART
། །		PUNCT
རིགས་	རིགས་	NOUN
ལྔ་	ལྔ་	NUM
འི་	གི་	PART
སྒྲུབ་པ་པོ་	སྒྲུབ་པ་པོ་	VERB
འི་	གི་	PART
རྡོ་རྗེ་	རྡོ་རྗེ་	NOUN
འདི་	འདི་	DET
ས་	གིས་	PART
ནི་	ནི་	NO_POS
རིག་མ་	རིག་མ་	NOUN
ལ་	ལ་	ADP
གདབ་པ་	གདབ་པ་	VERB
ར་	ལ་	PART
བྱ་བ་	བྱ་བ་	VERB
ཉིད་	ཉིད་	DET
།		PUNCT
ཡིན་པ་	ཡིན་པ་	AUX
དང་	དང་	NO_POS
བཏབ་པ་	བཏབ་པ་	VERB
འི་	གི་	PART
དོན་	དོན་	NOUN
དང་	དང་	NO_POS
མཚོན་པ་	མཚོན་པ་	VERB
དག་	དག་	DET
མི་འདའ་བ་	མི་འདའ་བ་	NO_POS
དེས་ན་	དེས་ན་	NO_POS
རིག་མ་	རིག་མ་	NOUN
ལ་	ལ་	ADP
ཕྱག་རྒྱ་	ཕྱག་རྒྱ་	NOUN
ར་	ལ་	PART
ཞེ་	ཅེས་	PART
བརྗོད་པ་	བརྗོད་པ་	VERB
ར་	ལ་	PART
བྱ་	བྱ་	VERB
ནི་	ནི་	NO_POS
ངེས་ཚིག་	ངེས་ཚིག་	NOUN
གོ་	གོ་	VERB
༈ །		PUNCT
མི་བསྐྱོད་པ་	མི་བསྐྱོད་པ་	NO_POS
རྡོ་རྗེ་	རྡོ་རྗེ་	NOUN
པདྨ་	པདྨ་	NOUN
འོད་	འོད་	NOUN
དཔག་མེད་	དཔག་མེད་	ADJ
དེ་བཞིན་	དེ་བཞིན་	OTHER
ལས་དོན་	ལས་དོན་	OTHER
ཡོད་	ཡོད་	VERB
གྲུབ་པ་	གྲུབ་པ་	VERB
།		PUNCT
དེ་བཞིན་	དེ་བཞིན་	OTHER
གཤེགས་པ་	གཤེགས་པ་	VERB
རྣམ་པ་	རྣམ་པ་	NOUN
ར་	ལ་	PART
སྣང་	སྣང་	VERB
མཛད་	མཛད་	VERB
དང་	དང་	NO_POS
རིན་ཆེན་	རིན་ཆེན་	OTHER
འབྱུང་	འབྱུང་	VERB
ལྡན་	ལྡན་	VERB
ཉིད་	ཉིད་	DET
། །		PUNCT
སྙིང་རྗེ་	སྙིང་རྗེ་	NOUN
ཆེན་པོ་	ཆེན་པོ་	ADJ
ཞེ་	ཅེས་	PART
རྡོ་རྗེ་	རྡོ་རྗེ་	NOUN
སྙིང་པོ་	སྙིང་པོ་	NOUN
ལ་	ལ་	ADP
བོ་	བོ་	VERB
ན་	ནས་	PART
དམ་པ་	དམ་པ་	VERB
ཡི་	ཡི་	ADP
༑		PUNCT
སངས་རྒྱས་	སངས་རྒྱས་	NOUN
ཀྱི་	གི་	PART
རིགས་	རིགས་	NOUN
ནི་	ནི་	NO_POS
རྣམ་པ་	རྣམ་པ་	NOUN
ལྔ་	ལྔ་	NUM
རུ་	ལ་	PART
བརྗོད་	བརྗོད་	VERB
། ༈ །		PUNCT
རྡོ་རྗེ་	རྡོ་རྗེ་	NOUN
འི་	གི་	PART
མི་བསྐྱོད་པ་	མི་བསྐྱོད་པ་	NO_POS
འི་	གི་	PART
ཕྱག་རྒྱ་	ཕྱག་རྒྱ་	NOUN
གཡུང་མོ་	གཡུང་མོ་	NO_POS
ཉིད་	ཉིད་	DET
དོ་	གོ་	PART
། །		PUNCT
དེ་བཞིན་	དེ་བཞིན་	OTHER
དུ་	ལ་	PART
འོད་	འོད་	NOUN
དཔག་མེད་	དཔག་མེད་	ADJ
པདྨ་	པདྨ་	NOUN
འི་	གི་	PART
ཕྱག་རྒྱ་	ཕྱག་རྒྱ་	NOUN
གར་མ་	གར་མ་	ADJ
ཉིད་	ཉིད་	DET
དོ་	གོ་	PART
། །		PUNCT
ཕྲིན་ལས་	ཕྲིན་ལས་	NOUN
དོན་ཡོད་	དོན་ཡོད་	ADJ
གྲུབ་པ་	གྲུབ་པ་	VERB
འི་	གི་	PART
ཕྱག་རྒྱ་	ཕྱག་རྒྱ་	NOUN
ནི་	ནི་	NO_POS
ཚོ་	ཚོ་	NOUN
མཁན་	མཁན་	PROPN
མ་	མ་	NOUN
རྟག་	རྟག་	VERB
ཏུ་	ལ་	PART
བཤད་	བཤད་	VERB
དོ་	གོ་	PART
། །		PUNCT
དེ་བཞིན་	དེ་བཞིན་	OTHER
གཤེགས་པ་	གཤེགས་པ་	VERB
འི་	གི་	PART
རྣམ་སྣང་	རྣམ་སྣང་	PROPN
གི་	གི་	PART
ཕྱག་རྒྱ་	ཕྱག་རྒྱ་	NOUN
ནི་	ནི་	NO_POS
བྲམ་ཟེ་	བྲམ་ཟེ་	NOUN
མོ་	མོ་	PRON
འོ་	གོ་	PART
། །		PUNCT
རིན་ཆེན་	རིན་ཆེན་	OTHER
འབྱུང་	འབྱུང་	VERB
ལྡན་	ལྡན་	VERB
གྱི་	གི་	PART
།		PUNCT
གདོལ་པ་	གདོལ་པ་	NOUN
།		PUNCT
མར་ཤེ་	མར་ཤེ་	NO_POS
ས་པ་	ས་པ་	PART
ར་	ལ་	PART
།		PUNCT
བྱ་བ་	བྱ་བ་	VERB
།		PUNCT
སྟེ་	སྟེ་	PART
༑		PUNCT
འདེབས་	འདེབས་	VERB
བྱེད་	བྱེད་	VERB
རིགས་	རིགས་	NOUN
ལྔ་	ལྔ་	NUM
ཡོད་པ་	ཡོད་པ་	VERB
དེ་བཞིན་	དེ་བཞིན་	OTHER
དུ་	ལ་	PART
གདབ་	གདབ་	NO_POS
བྱ་	བྱ་	VERB
ཕྱག་རྒྱ་	ཕྱག་རྒྱ་	NOUN
ལྔ་	ལྔ་	NUM
ར་	ལ་	PART
ནི་	ནི་	NO_POS
རྣམ་པ་	རྣམ་པ་	NOUN
ར་	ལ་	PART
ངེས་	ངེས་	VERB
སོ་	སོ་	PART
།། ༈		PUNCT
བསྡུ་	བསྡུ་	VERB
ན་	ན་	ADP
ཕྱག་རྒྱ་	ཕྱག་རྒྱ་	NOUN
མོ་རིགས་	མོ་རིགས་	NO_POS
ལྔ་པོ་	ལྔ་པོ་	NUM
འདི་	འདི་	DET
རྣམས་	རྣམས་	DET
དེ་བཞིན་	དེ་བཞིན་	OTHER
གཤེགས་པ་	གཤེགས་པ་	VERB
འི་	གི་	PART
རིགས་	རིགས་	NOUN
སུ་	སུ་	ADP
།		PUNCT
མདོར་བསྡུས་པ་	མདོར་བསྡུས་པ་	OTHER
ནི་	ནི་	NO_POS
གཅིག་	གཅིག་	NUM
ཏུ་	ལ་	PART
བརྗོད་པ་	བརྗོད་པ་	VERB
ར་	ལ་	PART
བྱ་	བྱ་	VERB
སྟེ་	སྟེ་	PART
འདེབས་	འདེབས་	VERB
བྱེད་	བྱེད་	VERB
ཐམས་ཅད་	ཐམས་ཅད་	DET
ཀྱང་	ཀྱང་	PART
དེ་བཞིན་	དེ་བཞིན་	OTHER
གཤེགས་པ་	གཤེགས་པ་	VERB
ར་	ལ་	PART
གཅིག་པ་	གཅིག་པ་	ADJ
འི་	གི་	PART
ཕྱི་	ཕྱི་	OTHER
རོ་	རོ་	NOUN
། །		PUNCT
ཅིའི་ཕྱིར་	ཅིའི་ཕྱིར་	NO_POS
དེ་བཞིན་	དེ་བཞིན་	OTHER
གཤེགས་པ་	གཤེགས་པ་	VERB
ཞེ་	ཅེས་	PART
བྱ་ན་	བྱ་ན་	NOUN
ཚོགས་	ཚོགས་	NOUN
གཉིས་	གཉིས་	NUM
ཀྱི་	གི་	PART
དཔལ་	དཔལ་	OTHER
དང་	དང་	NO_POS
ལྡན་	ལྡན་	VERB
ལ་	ལ་	ADP
ཆོ་	ཆོ་	NOUN
ཀྱི་	གི་	PART
སྐུ་	སྐུ་	NOUN
དེ་བཞིན་ཉིད་	དེ་བཞིན་ཉིད་	NOUN
དུ་	ལ་	PART
གཤེགས་	གཤེགས་	VERB
ཤིང་	ཅིང་	PART
།		PUNCT
གཟུགས་	གཟུགས་	NOUN
ཀྱི་	གི་	PART
སྐུ་	སྐུ་	NOUN
དེ་བཞིན་ཉིད་	དེ་བཞིན་ཉིད་	NOUN
ལ་	ལ་	ADP
ས་	གིས་	PART
སླར་ཡང་	སླར་ཡང་	OTHER
སེམས་ཅན་	སེམས་ཅན་	NOUN
གྱི་	གི་	PART
དོན་	དོན་	NOUN
དུ་	ལ་	PART
གཤེགས་པ་	གཤེགས་པ་	VERB
ཉིད་	ཉིད་	DET
དེ་	དེ་	DET
།		PUNCT
འདི་	འདི་	DET
ས་	གིས་	PART
ནི་	ནི་	NO_POS
ཤེས་རབ་	ཤེས་རབ་	NOUN
བམ་	གམ་	PART
རིགས་པ་	རིགས་པ་	VERB
ཡི་	གིས་	PART
།		PUNCT
སངས་རྒྱས་	སངས་རྒྱས་	NOUN
ལ་	ལ་	ADP
དཻ་		NON_WORD
བཞིན་	བཞིན་	NOUN
གཤེགས་པ་	གཤེགས་པ་	VERB
ཞེ་	ཅེས་	PART
བརྗོད་པ་	བརྗོད་པ་	VERB
ར་	ལ་	PART
བྱ་	བྱ་	VERB
། ༈		PUNCT
ཕྱེ་	ཕྱེ་	VERB
ན་	ན་	ADP
འབྲས་བུ་	འབྲས་བུ་	NOUN
འི་	གི་	PART
རིགས་	རིགས་	NOUN
ནི་	ནི་	NO_POS
ལྔ་	ལྔ་	NUM
དང་	དང་	NO_POS
རྡོ་རྗེ་	རྡོ་རྗེ་	NOUN
སེམས་དཔའ་	སེམས་དཔའ་	NOUN
སྟེ་	སྟེ་	PART
རྣམ་པ་	རྣམ་པ་	NOUN
དྲུག་	དྲུག་	NUM
ཏུ་	ལ་	PART
བརྗོད་	བརྗོད་	VERB
ཅིང་	ཅིང་	PART
།		PUNCT
རྡོ་རྗེ་	རྡོ་རྗེ་	NOUN
སེམས་དཔའ་	སེམས་དཔའ་	NOUN
སྤྱིར་བཏང་	སྤྱིར་བཏང་	OTHER
ན་	ན་	ADP
མདོར་བསྡུས་པ་	མདོར་བསྡུས་པ་	OTHER
ས་	གིས་	PART
ནི་	ནི་	NO_POS
རྣམ་པ་	རྣམ་པ་	NOUN
ལྔ་	ལྔ་	NUM
།		PUNCT
ཡོན་ཏན་	ཡོན་ཏན་	NOUN
དང་	དང་	NO_POS
ཕྲིན་ལས་	ཕྲིན་ལས་	NOUN
སྤྱིར་བཏང་	སྤྱིར་བཏང་	OTHER
ན་	ན་	ADP
སྐུ་གསུང་ཐུགས་	སྐུ་གསུང་ཐུགས་	NOUN
ཀྱི་	གི་	PART
དབྱེ་བ་	དབྱེ་བ་	VERB
ཡི་	གིས་	PART
།		PUNCT
ཕྱི་	ཕྱི་	NOUN
ན་	ནས་	PART
རྣམ་པ་	རྣམ་པ་	NOUN
གསུམ་	གསུམ་	NUM
དུ་	ལ་	PART
འགྱུར་	འགྱུར་	VERB
རོ་	རོ་	NOUN
།། ༈		PUNCT
འབྲས་བུ་	འབྲས་བུ་	NOUN
སངས་རྒྱས་	སངས་རྒྱས་	NOUN
འབྱུང་བ་	འབྱུང་བ་	VERB
འི་	གི་	PART
རིགས་	རིགས་	NOUN
ཡིན་པ་	ཡིན་པ་	AUX
དང་	དང་	NO_POS
གྲངས་	གྲངས་	NOUN
འབྱུང་བ་	འབྱུང་བ་	VERB
ལྔ་	ལྔ་	NUM
རྣམས་	རྣམས་	DET
དང་	དང་	NO_POS
།		PUNCT
ཕུང་པོ་	ཕུང་པོ་	NOUN
ལྔ་	ལྔ་	NUM
དང་	དང་	NO_POS
ཉོན་མོངས་པ་	ཉོན་མོངས་པ་	NOUN
ལྔ་	ལྔ་	NUM
ཡི་	ཡི་	ADP
རང་བཞིན་	རང་བཞིན་	NOUN
གྱིས་	གིས་	PART
༑ ༈		PUNCT
འབྲས་བུ་	འབྲས་བུ་	NOUN
སྐྱེད་པ་	སྐྱེད་པ་	VERB
འི་	གི་	PART
རིགས་	རིགས་	NOUN
ཡིན་པ་	ཡིན་པ་	AUX
དང་	དང་	NO_POS
བགྲང་	བགྲང་	VERB
བྱ་	བྱ་	VERB
ལྔ་	ལྔ་	NUM
ཡིན་པ་	ཡིན་པ་	AUX
འདི་	འདི་	DET
ཡི་	གིས་	PART
ནི་	ནི་	NO_POS
།		PUNCT
སྦྱང་གཞི་	སྦྱང་གཞི་	OTHER
རྒྱུ་ལ་	རྒྱུ་ལ་	NO_POS
རིགསདང་		NON_WORD
སྦྱོང་བྱེད་	སྦྱོང་བྱེད་	OTHER
འབྲས་བུ་	འབྲས་བུ་	NOUN
ལ་	ལ་	ADP
རིགས་	རིགས་	NOUN
བདག་	བདག་	PRON
ཞེ་	ཅེས་	PART
མངོན་པ་	མངོན་པ་	OTHER
བརྗོད་པ་	བརྗོད་པ་	VERB
ར་	ལ་	PART
བྱ་	བྱ་	VERB
འོ་	གོ་	PART
། ༈།		PUNCT
དོན་དམ་པ་	དོན་དམ་པ་	NOUN
ར་	ལ་	PART
ན་	ན་	ADP
སྒོམ་པ་པོ་	སྒོམ་པ་པོ་	VERB
གང་ཟག་	གང་ཟག་	NOUN
མེད་	མེད་	VERB
ཅིང་	ཅིང་	PART
ཇི་ལྟ་		
བསྒོམ་པ་	བསྒོམ་པ་	VERB
འང་	ཀྱང་	PART
མེད་	མེད་	VERB
ལ་	ལ་	ADP
།		PUNCT
བསྒོམ་པ་	བསྒོམ་པ་	VERB
ར་	ལ་	PART
བྱ་བ་	བྱ་བ་	VERB
ལྷ་	ལྷ་	NOUN
ཡང་	ཀྱང་	PART
མེད་	མེད་	VERB
ཅིང་	ཅིང་	PART
བཟླ་བ་	བཟླ་བ་	NO_POS
ར་	ལ་	PART
བྱ་བ་	བྱ་བ་	VERB
སྔགས་	སྔགས་	NOUN
ཀྱང་	ཀྱང་	PART
ཡོད་པ་	ཡོད་པ་	VERB
མ་	མ་	PART
ཡིན་	ཡིན་	NO_POS
།		PUNCT
ཡང་	ཀྱང་	PART
སྤྲོས་པ་	སྤྲོས་པ་	VERB
མེད་པ་	མེད་པ་	VERB
འི་	གི་	PART
རང་བཞིན་	རང་བཞིན་	NOUN
ལ་	ལ་	ADP
ས་	གིས་	PART
།		PUNCT
ཀུན་རྫོབ་	ཀུན་རྫོབ་	NOUN
ལྟ་	ལྟ་	OTHER
ན་	ན་	ADP
སྔགས་	སྔགས་	NOUN
དང་	དང་	NO_POS
ལྷ་	ལྷ་	NOUN
འི་	གི་	PART
སྒོམ་	སྒོམ་	VERB
ཚུལ་	ཚུལ་	NOUN
ལ་སོགས་པ་	ལ་སོགས་པ་	NO_POS
ནི་	ནི་	NO_POS
ཡང་དག་པ་	ཡང་དག་པ་	ADJ
ར་	ལ་	PART
གནས་	གནས་	NOUN
ལ་	ལ་	ADP
དེ་ལྟ་	དེ་ལྟ་	NO_POS
རྣལ་འབྱོར་པ་	རྣལ་འབྱོར་པ་	NOUN
ས་	གིས་	PART
ཏིང་ངེ་འཛིན་	ཏིང་ངེ་འཛིན་	NOUN
ལ་	ལ་	ADP
ཉམས་	ཉམས་	NOUN
སུ་	སུ་	ADP
མྱོང་བ་	མྱོང་བ་	VERB
ར་	ལ་	PART
འགྱུར་	འགྱུར་	VERB
རོ་	རོ་	NOUN
། །		PUNCT
རིགས་	རིགས་	NOUN
དྲུག་	དྲུག་	NUM
ནི་	ནི་	NO_POS
རྣམ་པ་	རྣམ་པ་	NOUN
ར་	ལ་	PART
སྣང་	སྣང་	VERB
མཛད་	མཛད་	VERB
མི་བསྐྱོད་པ་	མི་བསྐྱོད་པ་	NO_POS
དོན་ཡོད་	དོན་ཡོད་	ADJ
གྲུབ་པ་	གྲུབ་པ་	VERB
དང་	དང་	NO_POS
།		PUNCT
རིན་ཆེན་	རིན་ཆེན་	OTHER
འབྱུང་	འབྱུང་	VERB
ལྡན་	ལྡན་	VERB
དང་	དང་	NO_POS
འོད་	འོད་	NOUN
དཔག་མེད་	དཔག་མེད་	ADJ
རྡོ་རྗེ་	རྡོ་རྗེ་	NOUN
སེམས་དཔའ་	སེམས་དཔའ་	NOUN
སྟེ་	སྟེ་	PART
དྲུག་པོ་	དྲུག་པོ་	NUM
རྣམས་	རྣམས་	DET
ཡིན་	ཡིན་	NO_POS
ལ་	ལ་	ADP
།		PUNCT
དེ་	དེ་	DET
རྣམས་	རྣམས་	DET
ཀྱི་	གི་	PART
མིང་	མིང་	NOUN
གི་	གི་	PART
རྣམ་	རྣམ་	NOUN
གྲངས་	གྲངས་	NOUN
ཚངས་པ་	ཚངས་པ་	PROPN
ཁྱབ་འཇུག་	ཁྱབ་འཇུག་	OTHER
ཞི་བ་	ཞི་བ་	VERB
དང་	དང་	NO_POS
།		PUNCT
ཐམས་ཅད་	ཐམས་ཅད་	DET
གཙོ་བོ་	གཙོ་བོ་	ADJ
དང་	དང་	NO_POS
སངས་རྒྱས་	སངས་རྒྱས་	NOUN
དེ་ཉིད་	དེ་ཉིད་	NOUN
ལྷ་རྒྱལ་	ལྷ་རྒྱལ་	NO_POS
བ་དམ་པ་	བ་དམ་པ་	NO_POS
ར་	ལ་	PART
བརྗོད་	བརྗོད་	VERB
དེ་ཉིད་	དེ་ཉིད་	NOUN
རྒྱས་པ་	རྒྱས་པ་	VERB
ར་	ལ་	PART
བཤད་པ་	བཤད་པ་	VERB
།		PUNCT
མེ་ལོང་	མེ་ལོང་	NOUN
ལྟ་བུ་	ལྟ་བུ་	NOUN
འི་	གི་	PART
ཡེ་ཤེས་	ཡེ་ཤེས་	NOUN
དེ་	དེ་	DET
ཚངས་པ་	ཚངས་པ་	PROPN
ཡིན་	ཡིན་	NO_POS
ཏེ་	སྟེ་	PART
སྒྲིབ་པ་	སྒྲིབ་པ་	VERB
གཉིས་	གཉིས་	NUM
དང་	དང་	NO_POS
བྲལ་བ་	བྲལ་བ་	VERB
ས་	གིས་	PART
སོ་	སོ་	PART
༑ ༑		PUNCT
དེ་ཉིད་	དེ་ཉིད་	NOUN
སངས་རྒྱས་	སངས་རྒྱས་	NOUN
རྣམ་པ་	རྣམ་པ་	NOUN
ར་	ལ་	PART
སྣང་	སྣང་	VERB
མཛད་	མཛད་	VERB
ཉིད་	ཉིད་	DET
ཡིན་	ཡིན་	NO_POS
ནོ་	གོ་	PART
། །		PUNCT
ཆོས་ཅན་	ཆོས་ཅན་	NOUN
ཐམས་ཅད་	ཐམས་ཅད་	DET
ལ་	ལ་	ADP
འཇུག་པ་	འཇུག་པ་	VERB
འི་	གི་	PART
ཕྱི་	ཕྱི་	OTHER
ཆོ་	ཆོ་	NOUN
ཀྱི་	གི་	PART
དབྱིངས་	དབྱིངས་	NOUN
ཀྱི་	གི་	PART
ཡེ་ཤེས་	ཡེ་ཤེས་	NOUN
ལ་	ལ་	ADP
ཁྱབ་འཇུག་	ཁྱབ་འཇུག་	OTHER
ཅེས་	ཅེས་	PART
བརྗོད་པ་	བརྗོད་པ་	VERB
ར་	ལ་	PART
བྱ་	བྱ་	VERB
ལ་	ལ་	ADP
དེ་ཉིད་	དེ་ཉིད་	NOUN
མི་བསྐྱོད་པ་	མི་བསྐྱོད་པ་	NO_POS
འོ་	གོ་	PART
། །		PUNCT
བྱ་བ་	བྱ་བ་	VERB
གྲུབ་པ་	གྲུབ་པ་	VERB
འི་	གི་	PART
ཡེ་ཤེས་	ཡེ་ཤེས་	NOUN
ཀྱིས་	གིས་	PART
རྟག་	རྟག་	VERB
ཏུ་	ལ་	PART
སེམས་ཅན་	སེམས་ཅན་	NOUN
དགེ་བ་	དགེ་བ་	VERB
ར་	ལ་	PART
བྱེད་པ་	བྱེད་པ་	VERB
ས་	གིས་	PART
ཞི་བ་	ཞི་བ་	VERB
དབང་ཕྱུག་	དབང་ཕྱུག་	NOUN
ཡིན་	ཡིན་	NO_POS
ལ་	ལ་	ADP
དེ་ཉིད་	དེ་ཉིད་	NOUN
དོན་ཡོད་	དོན་ཡོད་	ADJ
གྲུབ་པ་	གྲུབ་པ་	VERB
འོ་	གོ་	PART
། །		PUNCT
མཉམ་པ་ཉིད་	མཉམ་པ་ཉིད་	NOUN
ཀྱི་	གི་	PART
ཡེ་ཤེས་	ཡེ་ཤེས་	NOUN
འཁོར་འདས་	འཁོར་འདས་	NOUN
ཐམས་ཅད་	ཐམས་ཅད་	DET
ལ་	ལ་	ADP
མཉམ་པ་	མཉམ་པ་	VERB
ར་	ལ་	PART
གནས་	གནས་	NOUN
ལ་	ལ་	ADP
དེ་ཉིད་	དེ་ཉིད་	NOUN
གྲངས་	གྲངས་	NOUN
ཅན་པ་	ཅན་པ་	PART
ས་	གིས་	PART
བརྟགས་པ་	བརྟགས་པ་	VERB
འི་	གི་	PART
རྣམ་འགྱུར་	རྣམ་འགྱུར་	NOUN
ཀུན་	ཀུན་	DET
གྱི་	གི་	PART
བདག་ཉིད་	བདག་ཉིད་	NOUN
དུ་	ལ་	PART
གཙོ་བོ་	གཙོ་བོ་	ADJ
གནས་པ་	གནས་པ་	VERB
ར་	ལ་	PART
འདོད་པ་	འདོད་པ་	VERB
དང་	དང་	NO_POS
འདྲ་	འདྲ་	VERB
ཞིང་	ཞིང་	SCONJ
དེ་ཉིད་	དེ་ཉིད་	NOUN
རིན་ཆེན་	རིན་ཆེན་	OTHER
འབྱུང་	འབྱུང་	VERB
ལྡན་	ལྡན་	VERB
ནོ་	གོ་	PART
། །		PUNCT
སོ་སོ་	སོ་སོ་	PRON
ར་	ལ་	PART
རྟོག་པ་	རྟོག་པ་	VERB
འི་	གི་	PART
ཡེ་ཤེས་	ཡེ་ཤེས་	NOUN
དམ་པ་	དམ་པ་	VERB
སངས་རྒྱས་པ་	སངས་རྒྱས་པ་	NOUN
འི་	གི་	PART
བདེ་བ་	བདེ་བ་	VERB
ས་	གིས་	PART
དེ་ཉིད་	དེ་ཉིད་	NOUN
ཡིན་	ཡིན་	NO_POS
ལ་	ལ་	ADP
དེ་	དེ་	DET
གཅེར་བུ་པ་	གཅེར་བུ་པ་	ADJ
འི་	གི་	PART
སྟོན་པ་	སྟོན་པ་	NOUN
ལྷ་རྒྱལ་	ལྷ་རྒྱལ་	NO_POS
བ་དམ་པ་	བ་དམ་པ་	NO_POS
དང་	དང་	NO_POS
འོད་	འོད་	NOUN
དཔག་མེད་	དཔག་མེད་	ADJ
དོ་	གོ་	PART
། །		PUNCT
ཡེ་ཤེས་	ཡེ་ཤེས་	NOUN
ལྔ་	ལྔ་	NUM
ཆོས་དབྱིངས་	ཆོས་དབྱིངས་	NOUN
སུ་	སུ་	ADP
རོ་	རོ་	NOUN
གཅིག་པ་	གཅིག་པ་	ADJ
དང་	དང་	NO_POS
བདེ་བ་	བདེ་བ་	VERB
ར་	ལ་	PART
རྟོགས་པ་	རྟོགས་པ་	VERB
འི་	གི་	PART
ཕྱི་	ཕྱི་	OTHER
རྣམས་པ་	རྣམས་པ་	DET
ར་	ལ་	PART
སངས་རྒྱས་	སངས་རྒྱས་	NOUN
ཉིད་	ཉིད་	DET
དང་	དང་	NO_POS
རྡོ་རྗེ་	རྡོ་རྗེ་	NOUN
སེམས་དཔའ་	སེམས་དཔའ་	NOUN
འོ་	འོ་	PART
།། ༈		PUNCT
ལྷན་ཅིག་	ལྷན་ཅིག་	OTHER
སྐྱེས་པ་	སྐྱེས་པ་	VERB
འི་	གི་	PART
ཡེ་ཤེས་	ཡེ་ཤེས་	NOUN
དེ་	དེ་	DET
གང་	གང་	NO_POS
ཕྱི་	ཕྱི་	OTHER
ལུས་	ལུས་	NOUN
ལ་	ལ་	ADP
ས་	གིས་	PART
བྱུང་	བྱུང་	VERB
ཞིང་	ཞིང་	SCONJ
བདེ་བ་	བདེ་བ་	VERB
ཉིད་	ཉིད་	DET
ལ་	ལ་	ADP
རོལ་བ་	རོལ་བ་	VERB
འི་	གི་	PART
ཕྱི་	ཕྱི་	OTHER
།		PUNCT
ལྷ་	ལྷ་	NOUN
ཞེ་	ཅེས་	PART
མངོན་པ་	མངོན་པ་	OTHER
བརྗོད་པ་	བརྗོད་པ་	VERB
ར་	ལ་	PART
བྱ་	བྱ་	VERB
།། ༈		PUNCT
ལྷན་	ལྷན་	NOUN
གཅིག་	གཅིག་	NUM
སྐྱེས་པ་	སྐྱེས་པ་	VERB
འི་	གི་	PART
ཡེ་ཤེས་	ཡེ་ཤེས་	NOUN
སངས་རྒྱས་	སངས་རྒྱས་	NOUN
ཀྱི་	གི་	PART
ཡེ་ཤེས་	ཡེ་ཤེས་	NOUN
དང་	དང་	NO_POS
འདྲ་བ་	འདྲ་བ་	VERB
འདི་	འདི་	DET
ལ་	ལ་	ADP
བྷ་	བྷ་	NO_POS
ག་	ག་	PRON
འི་	འི་	ADP
དོན་	དོན་	NOUN
མངའ་བ་	མངའ་བ་	VERB
འི་	གི་	PART
ཕྱི་	ཕྱི་	OTHER
།		PUNCT
བཅོམ་ལྡན་འདས་	བཅོམ་ལྡན་འདས་	NOUN
ཞེ་	ཅེས་	PART
བརྗོད་པ་	བརྗོད་པ་	VERB
ར་	ལ་	PART
བྱ་	བྱ་	VERB
།		PUNCT
ཇི་ལྟ་		
མངའ་	མངའ་	VERB
ན་	ན་	ADP
བྷ་	བྷ་	NO_POS
ག་	ག་	PRON
ཨཾ་		NON_WORD
ཞེ་	ཅེས་	PART
སྦྱར་	སྦྱར་	VERB
ན་	ན་	ADP
སྐལ་	སྐལ་	NOUN
ན་བ་	ན་བ་	VERB
ལ་	ལ་	ADP
འཇུག་	འཇུག་	VERB
ལ་	ལ་	ADP
རྣམ་པ་	རྣམ་པ་	NOUN
དྲུག་	དྲུག་	NUM
ཏུ་	ལ་	PART
བརྗོད་	བརྗོད་	VERB
དེ་	དེ་	DET
།		PUNCT
དབང་ཕྱུག་	དབང་ཕྱུག་	NOUN
ལ་སོགས་	ལ་སོགས་	NO_POS
ཡོན་ཏན་	ཡོན་ཏན་	NOUN
ཀུན་	ཀུན་	DET
		
ནོ་	གོ་	PART
།		PUNCT
		
དེ་	དེ་	DET
དང་	དང་	NO_POS
འདྲ་བ་	འདྲ་བ་	VERB
ར་	ལ་	PART
བདེ་བ་	བདེ་བ་	VERB
ཆེན་པོ་	ཆེན་པོ་	ADJ
འི་	གི་	PART
ཡེ་ཤེས་	ཡེ་ཤེས་	NOUN
ཀྱི་	གི་	PART
སྐལ་བ་	སྐལ་བ་	NOUN
དང་	དང་	NO_POS
ལྡན་པ་	ལྡན་པ་	VERB
འོ་	གོ་	PART
། །		PUNCT
ཡང་ན་	ཡང་ན་	NO_POS
བྷ་	བྷ་	NO_POS
ག་	ག་	PRON
ཝན་		NON_WORD
ཛ་	ཛ་	OTHER
ན་	ན་	ADP
བཅོམ་པ་	བཅོམ་པ་	VERB
ཡིན་	ཡིན་	NO_POS
ཏེ་	སྟེ་	PART
ཉོན་མོངས་	ཉོན་མོངས་	NOUN
ལ་སོགས་པ་	ལ་སོགས་པ་	NO_POS
འི་	གི་	PART
བདུད་	བདུད་	NOUN
བཞི་	བཞི་	NUM
བཅོམ་པ་	བཅོམ་པ་	VERB
བཞིན་	བཞིན་	NOUN
རྣམ་རྟོག་	རྣམ་རྟོག་	NOUN
འཇོམས་པ་	འཇོམས་པ་	VERB
འི་	གི་	PART
ཕྱི་	ཕྱི་	OTHER
ཡེ་ཤེས་	ཡེ་ཤེས་	NOUN
ལ་	ལ་	ADP
བཅོམ་ལྡན་འདས་	བཅོམ་ལྡན་འདས་	NOUN
ཞེ་	ཅེས་	PART
བྱ་	བྱ་	VERB
། ༈		PUNCT
རྒྱུ་མཚན་	རྒྱུ་མཚན་	NOUN
གང་	གང་	NO_POS
གི་	གི་	PART
ཕྱི་	ཕྱི་	OTHER
སྐྱེ་འགྲོ་	སྐྱེ་འགྲོ་	NOUN
དང་	དང་	NO_POS
སྣང་བ་	སྣང་བ་	VERB
ཐམས་ཅད་	ཐམས་ཅད་	DET
ཡེ་ཤེས་	ཡེ་ཤེས་	NOUN
སུ་	སུ་	ADP
སྐྱེད་པ་	སྐྱེད་པ་	VERB
ཡི་	ཡི་	ADP
ཕྱི་	ཕྱི་	OTHER
།		PUNCT
རྟེན་	རྟེན་	NOUN
ཤེས་རབ་	ཤེས་རབ་	NOUN
ལ་མ་	ལ་མ་	NO_POS
ཞེ་	ཅེས་	PART
བརྗོད་པ་	བརྗོད་པ་	VERB
ར་	ལ་	PART
བྱ་	བྱ་	VERB
།		PUNCT
གང་	གང་	NO_POS
གི་	གི་	PART
ཕྱི་	ཕྱི་	OTHER
སྐལ་བ་	སྐལ་བ་	NOUN
འདི་	འདི་	DET
འོ་	གོ་	PART
ཞེ་	ཅེས་	PART
སྟོན་པ་	སྟོན་པ་	NOUN
ཡི་	ཡི་	ADP
ཕྱི་	ཕྱི་	OTHER
ཤེས་རབ་	ཤེས་རབ་	NOUN
ལ་	ལ་	ADP
བྷ་	བྷ་	NO_POS
གི་	གི་	PART
ནི་	ནི་	NO_POS
སྲིང་མོ་	སྲིང་མོ་	NOUN
ཞེ་	ཅེས་	PART
བྱ་བ་	བྱ་བ་	VERB
ར་	ལ་	PART
བརྗོད་པ་	བརྗོད་པ་	VERB
ཉིད་	ཉིད་	DET
།		PUNCT
དོ་	གོ་	PART
། །		PUNCT
དེ་བཞིན་	དེ་བཞིན་	OTHER
དུ་	ལ་	PART
བཙོ་བླག་	བཙོ་བླག་	NO_POS
མ་	མ་	PART
དང་	དང་	NO_POS
བུ་མོ་	བུ་མོ་	NOUN
དང་	དང་	NO_POS
།		PUNCT
གར་མཁན་མ་	གར་མཁན་མ་	NO_POS
ཞེ་	ཅེས་	PART
བྱ་བ་	བྱ་བ་	VERB
ཡང་	ཀྱང་	PART
བརྗོད་པ་	བརྗོད་པ་	VERB
ར་	ལ་	PART
བྱ་	བྱ་	VERB
སྟེ་	སྟེ་	PART
།		PUNCT
སེམས་ཅན་	སེམས་ཅན་	NOUN
གྱི་	གི་	PART
རྣམ་པ་	རྣམ་པ་	NOUN
ར་	ལ་	PART
རྟོག་པ་	རྟོག་པ་	VERB
ཐམས་ཅད་	ཐམས་ཅད་	DET
ཡེ་ཤེས་	ཡེ་ཤེས་	NOUN
སུ་	སུ་	ADP
འཚེད་	འཚེད་	NO_POS
ཅིང་	ཅིང་	PART
སྒྱུར་་	སྒྱུར་པ་	VERB
འི་	གི་	PART
ཕྱི་	ཕྱི་	OTHER
།		PUNCT
ཕྱག་རྒྱ་	ཕྱག་རྒྱ་	NOUN
ལ་	ལ་	ADP
བཙོ་བླག་	བཙོ་བླག་	NO_POS
མ་	མ་	PART
ཞེ་	ཅེས་	PART
དེ་བཞིན་	དེ་བཞིན་	OTHER
དུ་	ལ་	PART
བརྗོད་	བརྗོད་	VERB
།		PUNCT
སངས་རྒྱས་	སངས་རྒྱས་	NOUN
ཀྱི་	གི་	PART
ཡོན་ཏན་	ཡོན་ཏན་	NOUN
འཇོ་	འཇོ་	NO_POS
ཞིང་	ཞིང་	SCONJ
མངོན་དུ་	མངོན་དུ་	NO_POS
བྱེད་པ་	བྱེད་པ་	VERB
འི་	གི་	PART
ཕྱི་	ཕྱི་	OTHER
ཤེས་རབ་	ཤེས་རབ་	NOUN
དེ་	དེ་	DET
ལ་	ལ་	ADP
ནི་	ནི་	NO_POS
།		PUNCT
དྷུ་		NON_WORD
ཧི་	ཧི་	NO_POS
ནི་	ནི་	NO_POS
བུ་མོ་	བུ་མོ་	NOUN
ཞེ་	ཅེས་	PART
ནི་	ནི་	NO_POS
བརྗོད་པ་	བརྗོད་པ་	VERB
ར་	ལ་	PART
བྱ་	བྱ་	VERB
།		PUNCT
སྙིང་རྗེ་	སྙིང་རྗེ་	NOUN
ཆེན་པོ་	ཆེན་པོ་	ADJ
ས་	གིས་	PART
སེམས་ཅན་	སེམས་ཅན་	NOUN
གྱི་	གི་	PART
དོན་	དོན་	NOUN
ལ་	ལ་	ADP
གཡོ་བ་	གཡོ་བ་	VERB
སྐྱེད་བ་	སྐྱེད་བ་	VERB
འི་	གི་	PART
ཕྱི་	ཕྱི་	OTHER
།		PUNCT
ཤེས་རབ་	ཤེས་རབ་	NOUN
ལ་ག་	ལ་ག་	NO_POS
ར་	ལ་	PART
མཁན་	མཁན་	PROPN
མ་	མ་	NOUN
བརྗོད་པ་	བརྗོད་པ་	VERB
ར་	ལ་	PART
བྱ་	བྱ་	VERB
།		PUNCT
གང་	གང་	NO_POS
གི་	གི་	PART
ཕྱི་	ཕྱི་	OTHER
ཡེ་ཤེས་	ཡེ་ཤེས་	NOUN
བཅོམ་ལྡན་འདས་	བཅོམ་ལྡན་འདས་	NOUN
ཀྱི་	གི་	PART
ངོ་བོ་	ངོ་བོ་	NOUN
རྣམ་རྟོག་	རྣམ་རྟོག་	NOUN
ལ་	ལ་	ADP
ཕ་		
མི་	མི་	PART
རེག་པ་	རེག་པ་	VERB
སྐྱེད་པ་	སྐྱེད་པ་	VERB
དེ་	དེ་	DET
འི་	གི་	PART
ཕྱི་	ཕྱི་	OTHER
ཤེས་རབ་	ཤེས་རབ་	NOUN
ལ་	ལ་	ADP
གཡུང་མོ་	གཡུང་མོ་	NO_POS
ར་	ལ་	PART
ཞེ་	ཅེས་	PART
བརྗོད་པ་	བརྗོད་པ་	VERB
ར་	ལ་	PART
བྱ་	བྱ་	VERB
། ༈		PUNCT
ནང་	ནང་	NOUN
དུ་	ལ་	PART
ལྷན་སྐྱེས་	ལྷན་སྐྱེས་	ADJ
ཀྱི་	གི་	PART
ཡེ་ཤེས་	ཡེ་ཤེས་	NOUN
དང་	དང་	NO_POS
ལྡན་	ལྡན་	VERB
ལ་	ལ་	ADP
ངག་	ངག་	NOUN
ཏུ་	ལ་	PART
བརྗོད་པ་	བརྗོད་པ་	VERB
ཐམས་ཅད་	ཐམས་ཅད་	DET
ཨཱ་ལི་	ཨཱ་ལི་	NOUN
དང་	དང་	NO_POS
ཀཱ་ལི་	ཀཱ་ལི་	OTHER
འི་	གི་	PART
སྔགས་	སྔགས་	NOUN
སུ་	སུ་	ADP
རབ་ཏུ་	རབ་ཏུ་	NO_POS
བརྟགས་	བརྟགས་	VERB
ཤིང་	ཅིང་	PART
དཔྱད་པ་	དཔྱད་པ་	VERB
ས་	གིས་	PART
།		PUNCT
བརྗོད་པ་	བརྗོད་པ་	VERB
ཐམས་ཅད་	ཐམས་ཅད་	DET
བཟླས་པ་	བཟླས་པ་	VERB
འི་	གི་	PART
སྔགས་	སྔགས་	NOUN
སུ་	སུ་	ADP
ར་	ལ་	PART
ཡང་དག་པ་	ཡང་དག་པ་	ADJ
ར་	ལ་	PART
བཤད་	བཤད་	VERB
། ༈		PUNCT
རྣལ་འབྱོར་པ་	རྣལ་འབྱོར་པ་	NOUN
དེ་	དེ་	DET
འི་	གི་	PART
རྐང་པ་	རྐང་པ་	NOUN
ས་	གིས་	PART
བཅགས་པ་	བཅགས་པ་	VERB
འི་	གི་	PART
རྗེས་	རྗེས་	NOUN
ནི་	ནི་	NO_POS
དཀྱིལ་འཁོར་	དཀྱིལ་འཁོར་	NOUN
ཉིད་	ཉིད་	DET
ཡིན་	ཡིན་	NO_POS
ཏེ་	སྟེ་	PART
དེ་	དེ་	DET
འི་	གི་	PART
རྡུལ་	རྡུལ་	NOUN
གྱིས་	གིས་	PART
ཕོག་	ཕོག་	VERB
ན་	ན་	ADP
།		PUNCT
མིང་	མིང་	NOUN
ཡང་	ཀྱང་	PART
འདྲ་	འདྲ་	VERB
སྟེ་	སྟེ་	PART
ཉེད་པ་	ཉེད་པ་	NO_POS
ལ་མ་	ལ་མ་	NO_POS
ར་	ལ་	PART
དྷ་		NON_WORD
ན་	ན་	ADP
ཟེར་བ་	ཟེར་བ་	VERB
འི་	གི་	PART
ཕྱི་	ཕྱི་	OTHER
དཀྱིལ་འཁོར་	དཀྱིལ་འཁོར་	NOUN
ལ་	ལ་	ADP
མཎ་		NON_WORD
ཌལ་		NON_WORD
ཞེ་	ཅེས་	PART
བརྗོད་པ་	བརྗོད་པ་	VERB
དང་	དང་	NO_POS
འདྲ་བ་	འདྲ་བ་	VERB
ར་	ལ་	PART
བྱ་	བྱ་	VERB
འོ་	གོ་	PART
།། ༈		PUNCT
ལག་པ་	ལག་པ་	NOUN
བསྒྱུར་བ་	བསྒྱུར་བ་	VERB
ཕྱག་རྒྱ་	ཕྱག་རྒྱ་	NOUN
ཡིན་	ཡིན་	NO_POS
ཞིང་	ཞིང་	SCONJ
།		PUNCT
སོར་མོ་	སོར་མོ་	NOUN
ཉེད་པ་	ཉེད་པ་	NO_POS
འང་	ཀྱང་	PART
ཕྱག་རྒྱ་	ཕྱག་རྒྱ་	NOUN
ཡིན་	ཡིན་	NO_POS
ཏེ་	སྟེ་	PART
ལུས་	ལུས་	NOUN
ཀྱི་	གི་	PART
ལ་	ལ་	ADP
ས་	གིས་	PART
ཀྱལ་པ་	ཀྱལ་པ་	NO_POS
ར་	ལ་	PART
མི་	མི་	PART
འགྱུར་	འགྱུར་	VERB
ཞིང་	ཞིང་	SCONJ
སེམས་ཅན་	སེམས་ཅན་	NOUN
གྱི་	གི་	PART
དོན་	དོན་	NOUN
དུ་	ལ་	PART
འགྱུར་བ་	འགྱུར་བ་	VERB
འི་	གི་	PART
ཕྱི་	ཕྱི་	OTHER
དེ་བཞིན་	དེ་བཞིན་	OTHER
ནོ་	གོ་	PART
།		PUNCT
གང་	གང་	NO_POS
གི་	གི་	PART
ཕྱི་	ཕྱི་	OTHER
སེམས་	སེམས་	NOUN
ཀྱིས་	གིས་	PART
རྣམ་པ་	རྣམ་པ་	NOUN
ར་	ལ་	PART
སེམས་པ་	སེམས་པ་	VERB
ཐ་མལ་	ཐ་མལ་	ADJ
གྱི་	གི་	PART
རྟོག་པ་	རྟོག་པ་	VERB
ར་	ལ་	PART
མི་འགྱུར་བ་	མི་འགྱུར་བ་	NO_POS
འི་	གི་	PART
བསམ་གཏན་	བསམ་གཏན་	NOUN
ནི་	ནི་	NO_POS
།		PUNCT
གང་	གང་	NO_POS
བསམས་པ་	བསམས་པ་	VERB
དེ་	དེ་	DET
ནི་	ནི་	NO_POS
བསམ་གཏན་	བསམ་གཏན་	NOUN
ནོ་	གོ་	PART
༑༑ ༈		PUNCT
གསང་དབང་	གསང་དབང་	NO_POS
གི་	གི་	PART
དུས་	དུས་	NOUN
སུ་	སུ་	ADP
ཇི་ལྟ་		
ཕ་	ཕ་	NOUN
བླ་མ་	བླ་མ་	NOUN
ལ་	ལ་	ADP
ས་	གིས་	PART
བདེ་བ་	བདེ་བ་	VERB
གསང་དབང་	གསང་དབང་	NO_POS
ཐོབ་པ་	ཐོབ་པ་	VERB
།		PUNCT
དེ་	དེ་	DET
ཡི་	ཡི་	ADP
བདེ་བ་	བདེ་བ་	VERB
འི་	གི་	PART
ཡེ་ཤེས་	ཡེ་ཤེས་	NOUN
ཤེས་རབ་	ཤེས་རབ་	NOUN
ཡེ་ཤེས་	ཡེ་ཤེས་	NOUN
ཀྱི་	གི་	PART
དབང་	དབང་	NOUN
གི་	གི་	PART
དུས་	དུས་	NOUN
སུ་	སུ་	ADP
རང་	རང་	PRON
གིས་	གིས་	PART
བཟའ་	བཟའ་	NOUN
ཞིང་	ཞིང་	ADP
མྱོང་བ་	མྱོང་བ་	VERB
ར་	ལ་	PART
བྱ་	བྱ་	VERB
།		PUNCT
གལ་ཏེ་	གལ་ཏེ་	NO_POS
ཚེ་	ཚེ་	NOUN
འདི་	འདི་	DET
ར་	ལ་	PART
ཡེ་ཤེས་	ཡེ་ཤེས་	NOUN
མ་	མ་	PART
སྐྱེ་	སྐྱེ་	VERB
ན་	ན་	ADP
བདེ་བ་	བདེ་བ་	VERB
གོམས་པ་	གོམས་པ་	VERB
འི་	གི་	PART
ཏིང་ངེ་འཛིན་	ཏིང་ངེ་འཛིན་	NOUN
གང་	གང་	NO_POS
གིས་	གིས་	PART
འཆི་བ་	འཆི་བ་	VERB
འི་	གི་	PART
དུས་	དུས་	NOUN
འདི་	འདི་	DET
ར་	ལ་	PART
།		PUNCT
དེ་	དེ་	DET
ཡི་	ཡི་	ADP
རྣམ་ཤེས་	རྣམ་ཤེས་	NOUN
འོད་གསལ་	འོད་གསལ་	NOUN
ལ་	ལ་	ADP
ཐིམ་པ་	ཐིམ་པ་	VERB
དེ་	དེ་	DET
འི་	གི་	PART
ཚེ་	ཚེ་	NOUN
སྔ་	སྔ་	NOUN
གྱི་	གི་	PART
བག་ཆགས་	བག་ཆགས་	NOUN
སད་	སད་	VERB
ན་	ནས་	PART
བདེ་བ་	བདེ་བ་	VERB
འི་	གི་	PART
བསམ་གཏན་	བསམ་གཏན་	NOUN
དུ་	ལ་	PART
གྱུར་	གྱུར་	VERB
ན་	ནས་	PART
མཐོང་ལམ་	མཐོང་ལམ་	NOUN
གྱི་	གི་	PART
ཡེ་ཤེས་	ཡེ་ཤེས་	NOUN
སྐྱེ་བ་	སྐྱེ་བ་	VERB
ར་	ལ་	PART
བརྗོད་	བརྗོད་	VERB
དོ་	གོ་	PART
།། ༈		PUNCT
དེ་	དེ་	DET
ཁོ་ན་ཉིད་	ཁོ་ན་ཉིད་	NO_POS
མངོན་དུ་	མངོན་དུ་	NO_POS
བྱེད་པ་	བྱེད་པ་	VERB
འི་	གི་	PART
ཐབས་	ཐབས་	NOUN
ཀྱི་	གི་	PART
ལེའུ་	ལེའུ་	NOUN
སྟེ་	སྟེ་	PART
ལྔ་པ་	ལྔ་པ་	NUM
ཤོ་ལོ་	ཤོ་ལོ་	NO_POS
ཀ་	ཀ་	DET
ཉི་ཤུ་	ཉི་ཤུ་	NUM
རྩ་	རྩ་	NUM
གསུམ་	གསུམ་	NUM
འོ་	འོ་	PART
།། །། ༈		PUNCT
རིམ་པ་	རིམ་པ་	NOUN
གཉིས་	གཉིས་	NUM
བསྟན་པ་	བསྟན་པ་	VERB
འི་	གི་	PART
རྗེས་	རྗེས་	NOUN
དེ་ནས་	དེ་ནས་	NO_POS
ཐབས་	ཐབས་	NOUN
གཞན་	གཞན་	DET
ཡང་	ཀྱང་	PART
རབ་ཏུ་	རབ་ཏུ་	NO_POS
བཤད་པ་	བཤད་པ་	VERB
ར་	ལ་	PART
བྱ་	བྱ་	VERB
སྟེ་	སྟེ་	PART
༑		PUNCT
སེམས་	སེམས་	NOUN
ཀྱི་	གི་	PART
བརྟན་གཡོ་	བརྟན་གཡོ་	NO_POS
བརྟག་པ་	བརྟག་པ་	VERB
དང་	དང་	NO_POS
གཞན་	གཞན་	DET
རྗེས་སུ་	རྗེས་སུ་	OTHER
གཟུང་བ་	གཟུང་བ་	VERB
འི་	གི་	PART
ཕྱི་	ཕྱི་	OTHER
སྤྱོད་པ་	སྤྱོད་པ་	VERB
ནི་	ནི་	NO_POS
ཕ་རོལ་	ཕ་རོལ་	NOUN
ཏུ་	ལ་	PART
ཕྱིན་པ་	ཕྱིན་པ་	VERB
ལ་	ལ་	ADP
ས་	གིས་	PART
མཆོག་	མཆོག་	ADJ
ཏུ་	ལ་	PART
གྱུར་པ་	གྱུར་པ་	VERB
ཉིད་	ཉིད་	DET
དོ་	གོ་	PART
།། ༈		PUNCT
སྤྱོད་པ་	སྤྱོད་པ་	VERB
གང་	གང་	NO_POS
གིས་	གིས་	PART
དངོས་གྲུབ་	དངོས་གྲུབ་	NOUN
ཀྱི་	གི་	PART
མཐར་ཐུག་པ་	མཐར་ཐུག་པ་	NOUN
ཀྱེ་	ཀྱེ་	INTJ
འི་	གི་	PART
རྡོ་རྗེ་	རྡོ་རྗེ་	NOUN
འི་	གི་	PART
གན་	གན་	NOUN
དུ་	ལ་	PART
འགྲོ་བ་	འགྲོ་བ་	VERB
ནི་	ནི་	NO_POS
།		PUNCT
ཀྱེ་	ཀྱེ་	INTJ
ཡི་	ཡི་	ADP
རྡོ་རྗེ་	རྡོ་རྗེ་	NOUN
འི་	གི་	PART
དངོས་གྲུབ་	དངོས་གྲུབ་	NOUN
ཀྱི་	གི་	PART
རྒྱུསསྤྱོད་པ་	རྒྱུསསྤྱོད་པ་	NON_WORD
ས་	གིས་	PART
སོ་	སོ་	PART
། ༈ །		PUNCT
སྤྱོད་པ་	སྤྱོད་པ་	VERB
ར་	ལ་	PART
བྱེད་པ་	བྱེད་པ་	VERB
འི་	གི་	PART
སྒོམ་པ་པོ་	སྒོམ་པ་པོ་	VERB
ཡི་	གིས་	PART
རྣམ་པ་	རྣམ་པ་	NOUN
ར་	ལ་	PART
འཛིན་པ་	འཛིན་པ་	VERB
ར་	ལ་	PART
བྱེད་པ་	བྱེད་པ་	VERB
འི་	གི་	PART
རྒྱན་	རྒྱན་	NOUN
ནི་	ནི་	NO_POS
།		PUNCT
རྣ་བ་	རྣ་བ་	NOUN
དག་	དག་	DET
ལ་	ལ་	ADP
རྣ་ཆ་	རྣ་ཆ་	NOUN
བཟང་པོ་	བཟང་པོ་	ADJ
བཟོད་པ་	བཟོད་པ་	VERB
དག་པ་	དག་པ་	VERB
༑		PUNCT
སྤྱི་བོ་	སྤྱི་བོ་	NOUN
ར་	ལ་	PART
འཁོར་ལོ་	འཁོར་ལོ་	NOUN
བསམ་གཏན་	བསམ་གཏན་	NOUN
དག་པ་	དག་པ་	VERB
རྣམ་པ་	རྣམ་པ་	NOUN
ར་	ལ་	PART
འཛིན་	འཛིན་	VERB
།		PUNCT
ལག་པ་	ལག་པ་	NOUN
འི་	གི་	PART
མཁྲིག་མ་	མཁྲིག་མ་	NOUN
དག་	དག་	DET
ལ་	ལ་	ADP
ལག་གདུབ་	ལག་གདུབ་	NO_POS
གཉིས་	གཉིས་	NUM
།		PUNCT
རྐེད་པ་	རྐེད་པ་	NOUN
ལ་	ལ་	ADP
ཡང་	ཀྱང་	PART
རུས་པ་	རུས་པ་	NOUN
འི་	གི་	PART
སྐ་རགས་	སྐ་རགས་	NOUN
བརྩོན་འགྲུས་	བརྩོན་འགྲུས་	NOUN
དག་པ་	དག་པ་	VERB
ཉིད་	ཉིད་	DET
།		PUNCT
རྐང་པ་	རྐང་པ་	NOUN
འི་	གི་	PART
མཁྲིག་མ་	མཁྲིག་མ་	NOUN
ར་	ལ་	PART
དེ་བཞིན་	དེ་བཞིན་	OTHER
རྐང་གདུབ་བོ་	རྐང་གདུབ་བོ་	NOUN
།		PUNCT
ལག་པ་	ལག་པ་	NOUN
འི་	གི་	PART
རྩ་བ་	རྩ་བ་	NOUN
ར་	ལ་	PART
དཔུང་རྒྱན་	དཔུང་རྒྱན་	PROPN
ཏེ་	སྟེ་	PART
གདུབ་	གདུབ་	NO_POS
བུ་	བུ་	NOUN
དྲུག་	དྲུག་	NUM
ཚུལ་ཁྲིམས་	ཚུལ་ཁྲིམས་	NOUN
དག་པ་	དག་པ་	VERB
ཉིད་	ཉིད་	DET
།		PUNCT
མགྲིན་པ་	མགྲིན་པ་	NOUN
ར་	ལ་	PART
རུས་པ་	རུས་པ་	NOUN
འི་	གི་	PART
ཕྲེང་བ་	ཕྲེང་བ་	NOUN
སྦྱིན་པ་	སྦྱིན་པ་	VERB
དག་པ་	དག་པ་	VERB
སྟེ་	སྟེ་	PART
ཐབས་	ཐབས་	NOUN
ཀྱི་	གི་	PART
ཕ་རོལ་	ཕ་རོལ་	NOUN
ཏུ་	ལ་	PART
ཕྱིན་པ་	ཕྱིན་པ་	VERB
ལྔ་	ལྔ་	NUM
འི་	གི་	PART
ངོ་བོ་	ངོ་བོ་	NOUN
ཕྱག་རྒྱ་	ཕྱག་རྒྱ་	NOUN
ལྔ་	ལྔ་	NUM
འོ་	གོ་	PART
། །		PUNCT
བགོ་བ་	བགོ་བ་	NOUN
སྟག་	སྟག་	NOUN
གི་	གི་	PART
ལྤགས་པ་	ལྤགས་པ་	NOUN
འི་	གི་	PART
ཤམ་ཐབས་	ཤམ་ཐབས་	NOUN
ཉིད་	ཉིད་	DET
དེ་ཡང་	དེ་ཡང་	ADV
ན་	ན་	ADP
སྟག་	སྟག་	NOUN
ལ་	ལ་	ADP
བྱཱ་		NON_WORD
གྷྲ་		NON_WORD
ཟེ་	ཟེ་	VERB
ལ་	ལ་	ADP
བྱཱ་		NON_WORD
ལ་	ལ་	ADP
ས་	གིས་	PART
བི་	བི་	NO_POS
ག་	ག་	PRON
ཏ་	ཏ་	OTHER
ན་	ན་	ADP
བྲལ་བ་	བྲལ་བ་	VERB
གྲ་	གྲ་	NOUN
ལ་	ལ་	ADP
ས་	གིས་	PART
གྲ་	གྲ་	NOUN
ཧྱ་		NON_WORD
གཟུང་བ་	གཟུང་བ་	VERB
གྲ་	གྲ་	NOUN
ཧྱ་		NON_WORD
ཀ་	ཀ་	DET
འཛིན་པ་	འཛིན་པ་	VERB
སྟེ་	སྟེ་	PART
གཟུང་འཛིན་	གཟུང་འཛིན་	NOUN
དང་	དང་	NO_POS
བྲལ་བ་	བྲལ་བ་	VERB
ནི་	ནི་	NO_POS
སྤྱོད་པ་	སྤྱོད་པ་	VERB
འི་	གི་	PART
ངོ་བོ་	ངོ་བོ་	NOUN
ར་	ལ་	PART
ཡང་	ཀྱང་	PART
འགྱུར་	འགྱུར་	VERB
རོ་	རོ་	NOUN
།།		PUNCT
བཟའ་བ་	བཟའ་བ་	VERB
ཁ་ཟས་	ཁ་ཟས་	NOUN
མི་	མི་	PART
འཆི་	འཆི་	VERB
བཅུ་	བཅུ་	NUM
ཕྱེད་	ཕྱེད་	NUM
དེ་	དེ་	DET
བདུད་རྩི་	བདུད་རྩི་	NOUN
ལྔ་	ལྔ་	NUM
འོ་	གོ་	PART
།། ༈		PUNCT
ལྷ་	ལྷ་	NOUN
འི་	གི་	PART
རྣལ་འབྱོར་	རྣལ་འབྱོར་	NOUN
ནི་	ནི་	NO_POS
ཧེ་རུ་ཀ་	ཧེ་རུ་ཀ་	NOUN
ཕྱག་	ཕྱག་	NOUN
བཞི་པ་	བཞི་པ་	ADJ
འམ་	གམ་	PART
སྦྱོར་	སྦྱོར་	VERB
ཡི་གེ་	ཡི་གེ་	NOUN
བཞི་	བཞི་	NUM
དོན་ལྡན་	དོན་ལྡན་	ADJ
གྱི་	གི་	PART
ཡེ་ཤེས་	ཡེ་ཤེས་	NOUN
ཀྱི་	གི་	PART
སྐྱེས་བུ་	སྐྱེས་བུ་	NOUN
ཉིད་	ཉིད་	DET
དོ་	གོ་	PART
།		PUNCT
ཁ་དོག་	ཁ་དོག་	NOUN
ནི་	ནི་	NO_POS
རིགས་	རིགས་	NOUN
ཡིན་	ཡིན་	NO_POS
ལ་	ལ་	ADP
དེ་	དེ་	DET
ས་	གིས་	PART
བཟུང་བ་	བཟུང་བ་	VERB
འི་	གི་	PART
ཕྱག་རྒྱ་	ཕྱག་རྒྱ་	NOUN
ལྔ་	ལྔ་	NUM
ལ་	ལ་	ADP
རྣམ་པ་	རྣམ་པ་	NOUN
ར་	ལ་	PART
གནས་པ་	གནས་པ་	VERB
ནི་	ནི་	NO_POS
གྲོག་	གྲོག་	NOUN
ཡིན་	ཡིན་	NO_POS
ནོ་	གོ་	PART
།།		PUNCT
ཕྱེ་	ཕྱེ་	VERB
ན་	ན་	ADP
རིགས་	རིགས་	NOUN
ལྔ་	ལྔ་	NUM
དག་	དག་	DET
དང་	དང་	NO_POS
མཉམ་པ་	མཉམ་པ་	VERB
ལྡན་པ་	ལྡན་པ་	VERB
འི་	གི་	PART
ཕྱག་རྒྱ་	ཕྱག་རྒྱ་	NOUN
ལྔ་	ལྔ་	NUM
ཡོད་	ཡོད་	VERB
དེ་	དེ་	DET
།		PUNCT
བསྡུ་	བསྡུ་	VERB
ན་	ན་	ADP
ལྷན་ཅིག་	ལྷན་ཅིག་	OTHER
སྐྱེས་པ་	སྐྱེས་པ་	VERB
འི་	གི་	PART
ཡེ་ཤེས་	ཡེ་ཤེས་	NOUN
སྐྱེད་པ་	སྐྱེད་པ་	VERB
འི་	གི་	PART
རིགས་	རིགས་	NOUN
ནི་	ནི་	NO_POS
གཅིག་	གཅིག་	NUM
ཏུ་	ལ་	PART
རྣམ་པ་	རྣམ་པ་	NOUN
ར་	ལ་	PART
བརྟག་	བརྟག་	VERB
དེ་	དེ་	DET
འི་	གི་	PART
རྒྱུ་མཚན་	རྒྱུ་མཚན་	NOUN
།		PUNCT
ཁ་དོག་	ཁ་དོག་	NOUN
གིས་	གིས་	PART
མཚོན་པ་	མཚོན་པ་	VERB
འི་	གི་	PART
ཕྱག་རྒྱ་	ཕྱག་རྒྱ་	NOUN
དུ་མ་	དུ་མ་	ADJ
ཉིད་	ཉིད་	DET
ཀྱིས་	གིས་	PART
ནི་	ནི་	NO_POS
།		PUNCT
གང་	གང་	NO_POS
གི་	གི་	PART
ཕྱི་	ཕྱི་	OTHER
དེ་ལས་	དེ་ལས་	NO_POS
སྐྱེས་པ་	སྐྱེས་པ་	VERB
འི་	གི་	PART
ཡེ་ཤེས་	ཡེ་ཤེས་	NOUN
དབྱེ་བ་	དབྱེ་བ་	VERB
ཐ་དད་པ་	ཐ་དད་པ་	ADJ
མཚོན་པ་	མཚོན་པ་	VERB
ར་	ལ་	PART
མི་	མི་	PART
བྱ་བ་	བྱ་བ་	VERB
ས་	གིས་	PART
སོ་	སོ་	PART
། །		PUNCT
གཅིག་	གཅིག་	NUM
གི་	གི་	PART
གྲིབ་མ་	གྲིབ་མ་	NOUN
གཅིག་	གཅིག་	NUM
ལ་	ལ་	ADP
མི་	མི་	PART
ཕོག་པ་	ཕོག་པ་	VERB
འི་	གི་	PART
ཤིང་	ཅིང་	PART
ནང་	ནང་	NOUN
ལ་	ལ་	ADP
སྦྱར་	སྦྱར་	VERB
ན་	ན་	ADP
རྩ་དབུ་མ་	རྩ་དབུ་མ་	NO_POS
ལ་	ལ་	ADP
གཅིག་པ་	གཅིག་པ་	ADJ
དང་	དང་	NO_POS
ནི་	ནི་	NO_POS
རོ་གནས་པ་	རོ་གནས་པ་	NO_POS
ས་	གིས་	PART
དུར་ཁྲོད་	དུར་ཁྲོད་	NOUN
རང་	རང་	PRON
གི་	གི་	PART
ལུས་	ལུས་	NOUN
ཉིད་	ཉིད་	DET
དང་	དང་	NO_POS
།		PUNCT
ཚངས་མ་	ཚངས་མ་	NO_POS
ལ་སོགས་པ་	ལ་སོགས་པ་	NO_POS
གནས་པ་	གནས་པ་	VERB
ར་	ལ་	PART
གྲགས་པ་	གྲགས་པ་	VERB
འི་	གི་	PART
མ་མོ་	མ་མོ་	NOUN
ལྷ་མོ་	ལྷ་མོ་	NOUN
བཅོ་ལྔ་	བཅོ་ལྔ་	NO_POS
འི་	གི་	PART
ཁྱིམ་ནང་	ཁྱིམ་ནང་	NO_POS
གི་	གི་	PART
ཡུལ་	ཡུལ་	NOUN
ཉི་ཤུ་	ཉི་ཤུ་	NUM
རྩ་	རྩ་	NUM
བཞི་	བཞི་	NUM
དང་	དང་	NO_POS
རྟོག་པ་	རྟོག་པ་	VERB
འི་	གི་	PART
ཉི་མ་	ཉི་མ་	NOUN
ནུབ་པ་	ནུབ་པ་	VERB
ས་	གིས་	PART
མཚན་མོ་	མཚན་མོ་	ADV
དུས་	དུས་	NOUN
དང་	དང་	NO_POS
།		PUNCT
ཡང་ན་	ཡང་ན་	NO_POS
ལྟེ་བ་	ལྟེ་བ་	NOUN
འི་	གི་	PART
མེ་	མེ་	NOUN
ས་	གིས་	PART
དབེན་པ་	དབེན་པ་	VERB
རི་	རི་	NOUN
འི་	གི་	PART
རྩེ་མོ་	རྩེ་མོ་	NOUN
འམ་	གམ་	PART
སྤྱི་བོ་	སྤྱི་བོ་	NOUN
བདེ་ཆེན་	བདེ་ཆེན་	NOUN
དང་	དང་	NO_POS
།		PUNCT
གྲོང་	གྲོང་	NOUN
དང་	དང་	NO_POS
ཆུ་	ཆུ་	NOUN
དང་	དང་	NO_POS
མཚོ་	མཚོ་	NOUN
འི་	གི་	PART
བས་མཐའ་	བས་མཐའ་	NO_POS
ལྟེ་བ་	ལྟེ་བ་	NOUN
རུ་	ལ་	PART
གནས་	གནས་	NOUN
ན་	ནས་	PART
།		PUNCT
རྫོགས་རིམ་	རྫོགས་རིམ་	NOUN
གྱི་	གི་	PART
ཏིང་ངེ་འཛིན་	ཏིང་ངེ་འཛིན་	NOUN
།		PUNCT
རང་	རང་	PRON
གཏུམ་མོ་	གཏུམ་མོ་	NOUN
འི་	གི་	PART
བསྒོམ་པ་	བསྒོམ་པ་	VERB
ལ་	ལ་	ADP
བརྟེན་	བརྟེན་	VERB
ན་	ནས་	PART
དྲོད་	དྲོད་	NOUN
ཀྱི་	གི་	PART
རྟོགས་པ་	རྟོགས་པ་	VERB
བཟང་པོ་	བཟང་པོ་	ADJ
སྐྱེ་བ་	སྐྱེ་བ་	VERB
ར་	ལ་	PART
བརྗོད་པ་	བརྗོད་པ་	VERB
ར་	ལ་	PART
བྱ་	བྱ་	VERB
འོ་	འོ་	PART
།། ༈		PUNCT
ཅུང་ཟད་	ཅུང་ཟད་	ADV
དྲོད་	དྲོད་	NOUN
ནི་	ནི་	NO_POS
ཆུང་ངུ་	ཆུང་ངུ་	ADJ
དང་	དང་	NO_POS
འབྲིང་	འབྲིང་	NOUN
དང་	དང་	NO_POS
ཆེན་པོ་	ཆེན་པོ་	ADJ
ཐོབ་པ་	ཐོབ་པ་	VERB
ན་	ན་	ADP
།		PUNCT
སྒྲུབ་པ་པོ་	སྒྲུབ་པ་པོ་	VERB
གལ་ཏེ་	གལ་ཏེ་	NO_POS
སྤྱོད་པ་	སྤྱོད་པ་	VERB
བྱེད་པ་	བྱེད་པ་	VERB
ར་	ལ་	PART
འདོད་པ་	འདོད་པ་	VERB
ས་	གིས་	PART
།		PUNCT
གལ་ཏེ་	གལ་ཏེ་	NO_POS
ཚེ་	ཚེ་	NOUN
འདི་ཉིད་	འདི་ཉིད་	OTHER
ལ་	ལ་	ADP
མཆོག་	མཆོག་	ADJ
འགྲུབ་པ་	འགྲུབ་པ་	VERB
ར་	ལ་	PART
འགྱུར་བ་	འགྱུར་བ་	VERB
ར་	ལ་	PART
འདོད་པ་	འདོད་པ་	VERB
འི་	གི་	PART
སེམས་	སེམས་	NOUN
ཡོད་	ཡོད་	VERB
ན་	ན་	ADP
།		PUNCT
གང་ཟག་	གང་ཟག་	NOUN
འདི་	འདི་	DET
ས་	གིས་	PART
ནི་	ནི་	NO_POS
ཀུན་	ཀུན་	DET
འད་	འདའ་	VERB
ར་	ལ་	PART
གསང་སྤྱོད་	གསང་སྤྱོད་	OTHER
མངོན་སྤྱོད་	མངོན་སྤྱོད་	NO_POS
ཀུན་བཟང་	ཀུན་བཟང་	ADJ
གི་	གི་	PART
སྤྱོད་པ་	སྤྱོད་པ་	VERB
སྤྱད་པ་	སྤྱད་པ་	VERB
ཉིད་	ཉིད་	DET
དོ་	གོ་	PART
།། ༈		PUNCT
དེ་	དེ་	DET
འི་	གི་	PART
གྲོག་	གྲོག་	NOUN
ནི་	ནི་	NO_POS
ཤིན་ཏུ་	ཤིན་ཏུ་	NO_POS
ཡིད་	ཡིད་	NOUN
དུ་	ལ་	PART
འོང་བ་	འོང་བ་	VERB
ས་	གིས་	PART
བཞིན་བཟང་	བཞིན་བཟང་	NO_POS
དཀྱུས་	དཀྱུས་	NOUN
རིང་པ་	རིང་པ་	NOUN
ས་	གིས་	PART
མིག་	མིག་	NOUN
ཡངས་	ཡངས་	VERB
མ་	མ་	PART
།		PUNCT
སློབ་དཔོན་	སློབ་དཔོན་	NOUN
རང་	རང་	PRON
གིས་	གིས་	PART
ཀྱེ་	ཀྱེ་	INTJ
རྡོ་རྗེ་	རྡོ་རྗེ་	NOUN
ར་	ལ་	PART
དབང་	དབང་	NOUN
བསྐུར་	བསྐུར་	NO_POS
ཞིང་	ཞིང་	SCONJ
སེམས་ཅན་	སེམས་ཅན་	NOUN
ལ་	ལ་	ADP
སྙིང་རྗེ་	སྙིང་རྗེ་	NOUN
ཅན་	ཅན་	PART
།		PUNCT
རྡོ་རྗེ་	རྡོ་རྗེ་	NOUN
འི་	གི་	PART
རིགས་	རིགས་	NOUN
གཡུང་མོ་	གཡུང་མོ་	NO_POS
འི་	གི་	PART
བུ་མོ་	བུ་མོ་	NOUN
འདི་	འདི་	DET
གྲོག་	གྲོག་	NOUN
སུ་	སུ་	ADP
ཁྱེ་	ཁྱེ་	VERB
ན་	ནས་	PART
།		PUNCT
ཀུན་	ཀུན་	DET
འད་	འདའ་	VERB
ར་	ལ་	PART
དང་	དང་	NO_POS
ཀུན་བཟང་	ཀུན་བཟང་	ADJ
གི་	གི་	PART
སྤྱོད་པ་	སྤྱོད་པ་	VERB
བྱ་བ་	བྱ་བ་	VERB
ར་	ལ་	PART
རྟོགས་པ་	རྟོགས་པ་	VERB
ར་	ལ་	PART
བྱ་	བྱ་	VERB
འོ་	གོ་	PART
།། ༈		PUNCT
གལ་ཏེ་	གལ་ཏེ་	NO_POS
རྡོ་རྗེ་	རྡོ་རྗེ་	NOUN
འི་	གི་	PART
རིགས་	རིགས་	NOUN
ཀྱི་	གི་	PART
ཕྱག་རྒྱ་	ཕྱག་རྒྱ་	NOUN
གཡུང་མོ་	གཡུང་མོ་	NO_POS
དངོས་མེད་	དངོས་མེད་	NOUN
ན་	ན་	ADP
།		PUNCT
སྒྲུབ་པ་པོ་	སྒྲུབ་པ་པོ་	VERB
རང་འདོད་པ་	རང་འདོད་པ་	NOUN
འི་	གི་	PART
ལྷ་	ལྷ་	NOUN
ཡི་	ཡི་	ADP
རིགས་	རིགས་	NOUN
ཀྱིས་	གིས་	PART
ཕྱག་རྒྱ་	ཕྱག་རྒྱ་	NOUN
མོ་བྱ་	མོ་བྱ་	NO_POS
འོ་	གོ་	PART
།། ༈		PUNCT
དེ་ཡང་	དེ་ཡང་	ADV
མ་	མ་	PART
རྙེད་	རྙེད་	VERB
ན་	ན་	ADP
ཡང་ན་	ཡང་ན་	NO_POS
རང་	རང་	PRON
གི་	གི་	PART
དང་	དང་	NO_POS
མི་	མི་	PART
འདྲ་བ་	འདྲ་བ་	VERB
གཞན་	གཞན་	DET
གྱི་	གི་	PART
རིགས་	རིགས་	NOUN
ལ་	ལ་	ADP
ས་	གིས་	PART
བྱུང་བ་	བྱུང་བ་	VERB
འི་	གི་	PART
ཕྱག་རྒྱ་	ཕྱག་རྒྱ་	NOUN
མོ་ལ་	མོ་ལ་	NO_POS
བརྟེན་	བརྟེན་	VERB
དུ་	ལ་	PART
རུང་	རུང་	SCONJ
ངོ་	ངོ་	PART
།། ༈		PUNCT
རིག་མ་	རིག་མ་	NOUN
སྔ་	སྔ་	NOUN
མ་	མ་	PART
སྦྱངས་	སྦྱངས་	VERB
ལ་	ལ་	ADP
ཡིན་	ཡིན་	NO_POS
ན་	ན་	ADP
ཐོག་མ་	ཐོག་མ་	NOUN
ར་	ལ་	PART
བྱང་ཆུབ་	བྱང་ཆུབ་	NOUN
ཀྱི་	གི་	PART
སེམས་	སེམས་	NOUN
ཀྱི་	གི་	PART
ས་བོན་	ས་བོན་	NOUN
གདབ་པ་	གདབ་པ་	VERB
དང་	དང་	NO_POS
།		PUNCT
དེ་	དེ་	DET
འི་	གི་	PART
བསླབ་བྱ་	བསླབ་བྱ་	VERB
དང་	དང་	NO_POS
།		PUNCT
དབང་	དབང་	NOUN
བསྐུར་	བསྐུར་	NO_POS
དང་	དང་	NO_POS
།		PUNCT
དམ་ཚིག་	དམ་ཚིག་	NOUN
གི་	གི་	PART
བསླབ་བྱ་	བསླབ་བྱ་	VERB
ས་	གིས་	PART
སྦྱང་བ་	སྦྱང་བ་	VERB
ཡི་	གིས་	PART
ནི་	ནི་	NO_POS
ཕྱག་རྒྱ་	ཕྱག་རྒྱ་	NOUN
གཟུང་	གཟུང་	VERB
ཞིང་	ཞིང་	SCONJ
དག་	དག་	DET
བ་	བ་	NOUN
བྱ་	བྱ་	VERB
། ༈		PUNCT
གལ་ཏེ་	གལ་ཏེ་	NO_POS
རིག་མ་	རིག་མ་	NOUN
དང་	དང་	NO_POS
ལྷན་ཅིག་	ལྷན་ཅིག་	OTHER
ཡིད་	ཡིད་	NOUN
དགའ་བ་	དགའ་བ་	VERB
ས་	གིས་	PART
གླུ་	གླུ་	NOUN
བླངས་པ་	བླངས་པ་	VERB
ར་	ལ་	PART
བྱ་	བྱ་	VERB
ཏེ་	སྟེ་	PART
།		PUNCT
གླུ་	གླུ་	NOUN
ལེན་པ་	ལེན་པ་	VERB
དེ་	དེ་	DET
འི་	གི་	PART
ཚེ་	ཚེ་	NOUN
རང་	རང་	PRON
འོད་	འོད་	NOUN
དཔག་མེད་	དཔག་མེད་	ADJ
རྡོ་རྗེ་	རྡོ་རྗེ་	NOUN
མཆོག་	མཆོག་	ADJ
དང་	དང་	NO_POS
རིག་མ་	རིག་མ་	NOUN
གོ་	གོ་	NOUN
དཀར་མོ་	དཀར་མོ་	ADJ
འི་	གི་	PART
ང་རྒྱལ་	ང་རྒྱལ་	NOUN
དང་	དང་	NO_POS
ལྡན་	ལྡན་	VERB
ནོ་	གོ་	PART
། །		PUNCT
གལ་ཏེ་	གལ་ཏེ་	NO_POS
ག་	ག་	NOUN
བྱེད་པ་	བྱེད་པ་	VERB
ར་	ལ་	PART
དགའ་བ་	དགའ་བ་	VERB
སྐྱེས་པ་	སྐྱེས་པ་	VERB
ན་	ན་	ADP
།		PUNCT
ཐར་པ་	ཐར་པ་	VERB
སངས་རྒྱས་	སངས་རྒྱས་	NOUN
ཐོས་པ་	ཐོས་པ་	VERB
འི་	གི་	PART
རྒྱུ་	རྒྱུ་	NOUN
ར་	ལ་	PART
ས་	ས་	ADP
ནི་	ནི་	NO_POS
ག་	ག་	NOUN
བྱ་	བྱ་	VERB
སྟེ་	སྟེ་	PART
།		PUNCT
དེ་	དེ་	DET
འི་	གི་	PART
ཚེ་	ཚེ་	NOUN
རང་	རང་	PRON
སྐུ་རྡོ་རྗེ་	སྐུ་རྡོ་རྗེ་	NO_POS
རྣམ་སྣང་	རྣམ་སྣང་	PROPN
དང་	དང་	NO_POS
རིག་མ་	རིག་མ་	NOUN
སྤྱན་	སྤྱན་	NOUN
གྱི་	གི་	PART
ང་རྒྱལ་	ང་རྒྱལ་	NOUN
དང་	དང་	NO_POS
ལྡན་པ་	ལྡན་པ་	VERB
འི་	གི་	PART
རྡོ་རྗེ་	རྡོ་རྗེ་	NOUN
རྐང་པ་	རྐང་པ་	NOUN
ས་	གིས་	PART
ག་	ག་	NOUN
བྱ་	བྱ་	VERB
སྟེ་	སྟེ་	PART
།		PUNCT
ཡོ་	ཡོ་	OTHER
གི་	གི་	PART
རྣལ་འབྱོར་པ་	རྣལ་འབྱོར་པ་	NOUN
ས་	ས་	ADP
སེམས་	སེམས་	NOUN
མཉམ་པ་	མཉམ་པ་	VERB
ར་	ལ་	PART
གཞག་པ་	གཞག་པ་	VERB
ས་	གིས་	PART
གླུ་གར་	གླུ་གར་	NOUN
བྱེད་	བྱེད་	VERB
དོ་	གོ་	PART
།། ༈		PUNCT
རྒྱན་	རྒྱན་	NOUN
ཕྱག་རྒྱ་	ཕྱག་རྒྱ་	NOUN
འི་	གི་	PART
རྣམ་དག་	རྣམ་དག་	ADJ
ནི་	ནི་	NO_POS
འཁོར་ལོ་	འཁོར་ལོ་	NOUN
འི་	གི་	PART
གཟུགས་	གཟུགས་	NOUN
ཀྱིས་	གིས་	PART
སྤྱི་བོ་	སྤྱི་བོ་	NOUN
ར་	ལ་	PART
བརྒྱན་པ་	བརྒྱན་པ་	VERB
མི་བསྐྱོད་པ་	མི་བསྐྱོད་པ་	NO_POS
འོ་	གོ་	PART
། །		PUNCT
རྣ་ཆ་	རྣ་ཆ་	NOUN
འི་	གི་	PART
བདག་ཉིད་	བདག་ཉིད་	NOUN
ནི་	ནི་	NO_POS
འོད་	འོད་	NOUN
དཔག་མེད་	དཔག་མེད་	ADJ
དོ་	གོ་	PART
། །		PUNCT
མགུལ་	མགུལ་	NOUN
གྱི་	གི་	PART
ཕྲེང་བ་	ཕྲེང་བ་	NOUN
ནི་	ནི་	NO_POS
རིན་ཆེན་	རིན་ཆེན་	OTHER
འབྱུང་	འབྱུང་	VERB
ལྡན་	ལྡན་	VERB
གྱི་	གི་	PART
བདག་ཉིད་	བདག་ཉིད་	NOUN
དོ་	གོ་	PART
། །		PUNCT
ལག་པ་	ལག་པ་	NOUN
ལ་སོགས་པ་	ལ་སོགས་པ་	NO_POS
ར་	ལ་	PART
གདུ་བུ་	གདུ་བུ་	OTHER
ས་	གིས་	PART
བརྒྱན་པ་	བརྒྱན་པ་	VERB
ནི་	ནི་	NO_POS
རྣམ་པ་	རྣམ་པ་	NOUN
ར་	ལ་	PART
སྣང་	སྣང་	VERB
མཛད་	མཛད་	VERB
དུ་	ལ་	PART
བརྗོད་	བརྗོད་	VERB
དོ་	གོ་	PART
། །		PUNCT
སྐ་རགས་	སྐ་རགས་	NOUN
ལ་	ལ་	ADP
ནི་	ནི་	NO_POS
དོན་ཡོད་	དོན་ཡོད་	ADJ
གྲུབ་པ་	གྲུབ་པ་	VERB
གནས་པ་	གནས་པ་	VERB
འོ་	གོ་	PART
།		PUNCT
ཁ་	ཁ་	PRON
ཊྭཱཾ་		NON_WORD
ཀ་	ཀ་	DET
འི་	འི་	ADP
གཟུགས་	གཟུགས་	NOUN
ཤེས་རབ་	ཤེས་རབ་	NOUN
ཡུམ་	ཡུམ་	NOUN
གྱི་	གི་	PART
ངོ་བོ་	ངོ་བོ་	NOUN
སྟེ་	སྟེ་	PART
།		PUNCT
ཐབས་	ཐབས་	NOUN
སྙིང་རྗེ་	སྙིང་རྗེ་	NOUN
ས་	གིས་	PART
ཆོ་	ཆོ་	NOUN
ཀྱི་	གི་	PART
སྒྲ་	སྒྲ་	NOUN
སྒྲོགས་པ་	སྒྲོགས་པ་	VERB
འི་	གི་	PART
གཟུགས་	གཟུགས་	NOUN
ཀྱིས་	གིས་	PART
ཅང་ཏེའུ་	ཅང་ཏེའུ་	NOUN
ཉིད་	ཉིད་	DET
དོ་	གོ་	PART
།། ༈		PUNCT
ལྷ་	ལྷ་	NOUN
ནི་	ནི་	NO_POS
ཞེ་སྡང་	ཞེ་སྡང་	NOUN
རྣམ་པ་	རྣམ་པ་	NOUN
ར་	ལ་	PART
དག་པ་	དག་པ་	VERB
མི་བསྐྱོད་པ་	མི་བསྐྱོད་པ་	NO_POS
འི་	གི་	PART
རྣལ་འབྱོར་པ་	རྣལ་འབྱོར་པ་	NOUN
འོ་	གོ་	PART
།། ༈		PUNCT
གླུ་	གླུ་	NOUN
ནི་	ནི་	NO_POS
རྣམ་པ་	རྣམ་པ་	NOUN
ར་	ལ་	PART
དག་པ་	དག་པ་	VERB
རྟོག་པ་	རྟོག་པ་	VERB
ལ་	ལ་	ADP
ས་	གིས་	PART
ཡིད་	ཡིད་	NOUN
སྐྱོབ་པ་	སྐྱོབ་པ་	VERB
དང་	དང་	NO_POS
སངས་རྒྱས་	སངས་རྒྱས་	NOUN
ཀྱི་	གི་	PART
ཐུགས་	ཐུགས་	NOUN
བསྐུལ་བ་	བསྐུལ་བ་	VERB
ས་	གིས་	PART
སྔགས་	སྔགས་	NOUN
སུ་	སུ་	ADP
གནས་	གནས་	NOUN
།		PUNCT
ག་	ག་	NOUN
ནི་	ནི་	NO_POS
ལྷ་	ལྷ་	NOUN
འི་	གི་	PART
སྐུ་	སྐུ་	NOUN
བསྒོམ་པ་	བསྒོམ་པ་	VERB
ར་	ལ་	PART
བྱས་པ་	བྱས་པ་	VERB
ཉིད་	ཉིད་	DET
དོ་	གོ་	PART
། །		PUNCT
དེ་	དེ་	DET
ཡི་	ཡི་	ADP
ཕྱི་	ཕྱི་	OTHER
ན་	ན་	ADP
ངག་	ངག་	NOUN
གླུ་	གླུ་	NOUN
དང་	དང་	NO_POS
ལུས་	ལུས་	NOUN
ཀྱིས་	གིས་	PART
ག་	ག་	NOUN
།		PUNCT
ཡོ་	ཡོ་	OTHER
གི་	གི་	PART
རྣལ་འབྱོར་པ་	རྣལ་འབྱོར་པ་	NOUN
ས་	གིས་	PART
དུས་	དུས་	NOUN
རྟག་	རྟག་	VERB
ཏུ་	ལ་	PART
རྟག་	རྟག་	VERB
ཏུ་	ལ་	PART
བྱེད་	བྱེད་	VERB
དོ་	གོ་	PART
།། ༈		PUNCT
དྲི་ཆེན་	དྲི་ཆེན་	NO_POS
ལ་སོགས་པ་	ལ་སོགས་པ་	NO_POS
གོང་བུ་	གོང་བུ་	OTHER
འི་	གི་	PART
བདུད་རྩི་	བདུད་རྩི་	NOUN
འི་	གི་	PART
སྨན་	སྨན་	NOUN
ནི་	ནི་	NO_POS
རྣམ་པ་	རྣམ་པ་	NOUN
ར་	ལ་	PART
བཟའ་བ་	བཟའ་བ་	VERB
ར་	ལ་	PART
བྱ་བ་	བྱ་བ་	VERB
སྟེ་	སྟེ་	PART
།		PUNCT
དྲི་ཆུ་	དྲི་ཆུ་	NO_POS
ལ་སོགས་པ་	ལ་སོགས་པ་	NO_POS
བཏུང་བ་	བཏུང་བ་	VERB
འི་	གི་	PART
བདུད་རྩི་	བདུད་རྩི་	NOUN
ནི་	ནི་	NO_POS
རྟག་པ་	རྟག་པ་	VERB
ར་	ལ་	PART
བཏུང་བ་	བཏུང་བ་	VERB
ར་	ལ་	PART
བྱ་བ་	བྱ་བ་	VERB
ཉིད་	ཉིད་	DET
དོ་	གོ་	PART
། །		PUNCT
དེ་	དེ་	DET
རྣམས་	རྣམས་	DET
བསྟེན་པ་	བསྟེན་པ་	VERB
འི་	གི་	PART
ཕན་ཡོན་	ཕན་ཡོན་	NOUN
ནི་	ནི་	NO_POS
རྒ་ཤི་	རྒ་ཤི་	NOUN
ས་	གིས་	PART
ཟིལ་	ཟིལ་	NOUN
གྱིས་	གིས་	PART
མི་	མི་	PART
གནོན་	གནོན་	VERB
ཞིང་	ཞིང་	SCONJ
།		PUNCT
དུས་	དུས་	NOUN
རྟག་	རྟག་	VERB
ཏུ་	ལ་	PART
ནད་	ནད་	NOUN
དང་	དང་	NO_POS
གདོན་	གདོན་	NOUN
ལ་	ལ་	ADP
ས་	གིས་	PART
བསྲུང་བ་	བསྲུང་བ་	VERB
ར་	ལ་	PART
འགྱུར་བ་	འགྱུར་བ་	VERB
ཡིན་	ཡིན་	NO_POS
ནོ་	གོ་	PART
།། ༈		PUNCT
གོང་	གོང་	NOUN
དུ་	ལ་	PART
རྒྱན་ཆ་	རྒྱན་ཆ་	NOUN
མ་	མ་	PART
བཤད་པ་	བཤད་པ་	VERB
འི་	གི་	PART
ཁ་	ཁ་	PRON
བསྐང་བ་	བསྐང་བ་	VERB
ནི་	ནི་	NO_POS
རྐུན་མ་	རྐུན་མ་	NO_POS
བསད་པ་	བསད་པ་	VERB
ལ་སོགས་པ་	ལ་སོགས་པ་	NO_POS
འི་	གི་	PART
རོ་	རོ་	NOUN
འི་	གི་	PART
སྐྲ་	སྐྲ་	NOUN
ལ་	ལ་	ADP
ས་	གིས་	PART
སྐྲ་བརྙན་	སྐྲ་བརྙན་	NO_POS
གྱི་	གི་	PART
ཅོད་པན་	ཅོད་པན་	NOUN
བྱ་	བྱ་	VERB
ན་	ནས་	PART
།		PUNCT
དེ་	དེ་	DET
ལ་	ལ་	ADP
ཧཱུྃ་		NON_WORD
ལ་	ལ་	ADP
ས་	གིས་	PART
བྱུང་བ་	བྱུང་བ་	VERB
མི་བསྐྱོད་པ་	མི་བསྐྱོད་པ་	NO_POS
འི་	གི་	PART
སྐུ་	སྐུ་	NOUN
འི་	གི་	PART
ཕྱག་མཚན་	ཕྱག་མཚན་	NOUN
སྦྱར་བ་	སྦྱར་བ་	VERB
ར་	ལ་	PART
བྱ་	བྱ་	VERB
།		PUNCT
སངས་རྒྱས་	སངས་རྒྱས་	NOUN
ལྔ་	ལྔ་	NUM
མཚོན་པ་	མཚོན་པ་	VERB
ཡི་	ཡི་	ADP
ཐོད་པ་	ཐོད་པ་	NOUN
ལྔ་པོ་	ལྔ་པོ་	NUM
དེ་	དེ་	DET
རྣམས་	རྣམས་	DET
།		PUNCT
རྣལ་འབྱོར་པ་	རྣལ་འབྱོར་པ་	NOUN
སྤྱོད་པ་	སྤྱོད་པ་	VERB
ས་	གིས་	PART
བྱེད་པ་	བྱེད་པ་	VERB
འི་	གི་	PART
དབུ་རྒྱན་	དབུ་རྒྱན་	NOUN
དུ་	ལ་	PART
རྣམ་པ་	རྣམ་པ་	NOUN
ར་	ལ་	PART
འཛིན་	འཛིན་	VERB
ཞིང་	ཞིང་	SCONJ
།		PUNCT
ཐོད་པ་	ཐོད་པ་	NOUN
རྣམས་	རྣམས་	DET
ཀྱང་	ཀྱང་	PART
སོ་	སོ་	PART
ར་	ལ་	PART
ལྔ་པ་	ལྔ་པ་	NUM
ཡི་	ཡི་	ADP
ཚད་	ཚད་	NOUN
དུ་	ལ་	PART
བྱ་	བྱ་	VERB
སྟེ་	སྟེ་	PART
ཡེ་ཤེས་	ཡེ་ཤེས་	NOUN
ལྔ་	ལྔ་	NUM
མཚོན་པ་	མཚོན་པ་	VERB
ར་	ལ་	PART
།		PUNCT
བྱས་པ་	བྱས་པ་	VERB
ས་	གིས་	PART
ཅོད་པན་	ཅོད་པན་	NOUN
དུ་	ལ་	PART
འཛིན་པ་	འཛིན་པ་	VERB
ར་	ལ་	PART
བྱེད་	བྱེད་	VERB
དོ་	གོ་	PART
། །		PUNCT
ཐབས་	ཐབས་	NOUN
དང་	དང་	NO_POS
ཤེས་རབ་	ཤེས་རབ་	NOUN
ཀྱི་	གི་	PART
རང་བཞིན་	རང་བཞིན་	NOUN
མཚོན་པ་	མཚོན་པ་	VERB
ལ་	ལ་	ADP
ས་	གིས་	PART
།		PUNCT
རོ་	རོ་	NOUN
འི་	གི་	PART
སྐྲ་	སྐྲ་	NOUN
ཡི་	ཡི་	ADP
སྐ་རགས་	སྐ་རགས་	NOUN
ཉི་	ཉི་	NUM
སྐོར་	སྐོར་	NOUN
ཉིད་	ཉིད་	DET
དུ་	ལ་	PART
བྱ་	བྱ་	VERB
།		PUNCT
ཕྱག་རྒྱ་	ཕྱག་རྒྱ་	NOUN
དྲུག་པ་	དྲུག་པ་	NUM
ནི་	ནི་	NO_POS
རོ་	རོ་	NOUN
བསྲེགས་པ་	བསྲེགས་པ་	VERB
འི་	གི་	PART
ཐལ་བ་	ཐལ་བ་	NOUN
བྱུག་པ་	བྱུག་པ་	NOUN
དང་	དང་	NO_POS
རོ་	རོ་	NOUN
འི་	གི་	PART
སྐྲ་	སྐྲ་	NOUN
ཡི་	ཡི་	ADP
མཆོད་	མཆོད་	VERB
ཕྱི་	ཕྱི་	OTHER
ཐོགས་	ཐོགས་	VERB
།		PUNCT
དོ་ཤལ་	དོ་ཤལ་	OTHER
དུ་	ལ་	PART
རྣལ་འབྱོར་པ་	རྣལ་འབྱོར་པ་	NOUN
ཡི་	ཡི་	ADP
སྤྱོད་པ་	སྤྱོད་པ་	VERB
བྱེད་པ་	བྱེད་པ་	VERB
ས་	གིས་	PART
འཛིན་	འཛིན་	VERB
། ༈		PUNCT
ཅང་ཏེའུ་	ཅང་ཏེའུ་	NOUN
སྒྲ་	སྒྲ་	NOUN
ནི་	ནི་	NO_POS
དཔའ་བོ་	དཔའ་བོ་	NOUN
རྣལ་འབྱོར་	རྣལ་འབྱོར་	NOUN
མ་	མ་	PART
འི་	གི་	PART
རྒྱུད་	རྒྱུད་	NOUN
བསྐུལ་བ་	བསྐུལ་བ་	VERB
ས་	གིས་	PART
བཟླས་པ་	བཟླས་པ་	VERB
སྟེ་	སྟེ་	PART
།		PUNCT
ཁ་	ཁ་	PRON
ཊྭཱྃ་		NON_WORD
ག་	ག་	PRON
སྟོང་པ་	སྟོང་པ་	VERB
བསྒོམ་པ་	བསྒོམ་པ་	VERB
འི་	གི་	PART
རྟགས་	རྟགས་	NOUN
ཡིན་པ་	ཡིན་པ་	AUX
ས་	གིས་	PART
ཤེས་རབ་	ཤེས་རབ་	NOUN
ཉིད་	ཉིད་	DET
དོ་	གོ་	PART
། །		PUNCT
རྡོ་རྗེ་	རྡོ་རྗེ་	NOUN
སྟོང་པ་	སྟོང་པ་	VERB
དང་	དང་	NO_POS
།		PUNCT
ཐོད་པ་	ཐོད་པ་	NOUN
བདེ་བ་	བདེ་བ་	VERB
སྐྱོང་པ་	སྐྱོང་པ་	VERB
འི་	གི་	PART
སྤྱོད་པ་	སྤྱོད་པ་	VERB
ཡི་	གིས་	PART
།		PUNCT
ཅང་ཏེའུ་	ཅང་ཏེའུ་	NOUN
དང་ཁ་	དང་ཁ་	NO_POS
ཊྭཱཾ་		NON_WORD
ག་	ག་	PRON
འདི་དག་	འདི་དག་	NO_POS
བཟླས་པ་	བཟླས་པ་	VERB
དང་	དང་	NO_POS
བསྒོམ་པ་	བསྒོམ་པ་	VERB
རུ་	ལ་	PART
འགྱུར་བ་	འགྱུར་བ་	VERB
ཡིན་	ཡིན་	NO_POS
ནོ་	གོ་	PART
།། ༈		PUNCT
སྤྱོད་པ་	སྤྱོད་པ་	VERB
འི་	གི་	PART
དུས་	དུས་	NOUN
སུ་	སུ་	ADP
སྤང་བྱ་	སྤང་བྱ་	NOUN
ནི་	ནི་	NO_POS
འདོད་པ་	འདོད་པ་	VERB
ལ་	ལ་	ADP
བརྐམ་པ་	བརྐམ་པ་	VERB
དང་	དང་	NO_POS
དེ་	དེ་	DET
ཁོ་ན་ཉིད་	ཁོ་ན་ཉིད་	NO_POS
ལ་	ལ་	ADP
རྨོངས་པ་	རྨོངས་པ་	VERB
དང་	དང་	NO_POS
མི་	མི་	PART
དང་	དང་	NO_POS
མི་མ་ཡིན་པ་	མི་མ་ཡིན་པ་	NO_POS
ལ་	ལ་	ADP
འཇིགས་པ་	འཇིགས་པ་	VERB
དང་སེམས་	དང་སེམས་	NO_POS
ཅན་	ཅན་	PART
ལ་	ལ་	ADP
ཁྲོ་བ་	ཁྲོ་བ་	VERB
དང་	དང་	NO_POS
།		PUNCT
འཇིག་རྟེན་	འཇིག་རྟེན་	NOUN
གྱིས་	གིས་	PART
བརྟགས་པ་	བརྟགས་པ་	VERB
འི་	གི་	PART
ངོ་ཚ་	ངོ་ཚ་	NOUN
འི་	གི་	PART
འབྲས་བུ་	འབྲས་བུ་	NOUN
སྟེ་	སྟེ་	PART
བྱ་བ་	བྱ་བ་	VERB
རྣམ་པ་	རྣམ་པ་	NOUN
ར་	ལ་	PART
སྤངས་པ་	སྤངས་པ་	VERB
ནི་	ནི་	NO_POS
གཙོ་བོ་	གཙོ་བོ་	ADJ
ར་	ལ་	PART
ཉོན་མོངས་པ་	ཉོན་མོངས་པ་	NOUN
སྤོང་པ་	སྤོང་པ་	VERB
འོ་	གོ་	PART
། །		PUNCT
བདག་ཉིད་	བདག་ཉིད་	NOUN
ཀྱིས་	གིས་	PART
ནི་	ནི་	NO_POS
གཉིད་	གཉིད་	NOUN
དང་	དང་	NO_POS
སྙོམ་ལས་	སྙོམ་ལས་	ADJ
དང་	དང་	NO_POS
འགྱོད་པ་	འགྱོད་པ་	VERB
དང་	དང་	NO_POS
རྒོད་པ་	རྒོད་པ་	VERB
སྤངས་	སྤངས་	VERB
ན་	ནས་	PART
།		PUNCT
ཡང་	ཀྱང་	PART
ཐེ་ཚོམ་	ཐེ་ཚོམ་	NOUN
དང་	དང་	NO_POS
སྙོམས་འཇུག་	སྙོམས་འཇུག་	NO_POS
གི་	གི་	PART
སྒྲིབ་པ་	སྒྲིབ་པ་	VERB
ལྔ་	ལྔ་	NUM
མེད་པ་	མེད་པ་	VERB
ར་	ལ་	PART
བྱ་	བྱ་	VERB
ན་	ནས་	PART
སྤྱོད་པ་	སྤྱོད་པ་	VERB
སྤྱད་པ་	སྤྱད་པ་	VERB
ར་	ལ་	PART
བྱ་	བྱ་	VERB
འོ་	གོ་	PART
།། ༈		PUNCT
སྤྱོད་པ་	སྤྱོད་པ་	VERB
ལ་	ལ་	ADP
འཇུག་པ་	འཇུག་པ་	VERB
འི་	གི་	PART
ཚེ་	ཚེ་	NOUN
ལུས་	ལུས་	NOUN
ཀྱི་	གི་	PART
སྦྱིན་པ་	སྦྱིན་པ་	VERB
སེམས་ཅན་	སེམས་ཅན་	NOUN
ཐམས་ཅད་	ཐམས་ཅད་	DET
ལ་	ལ་	ADP
བྱིན་	བྱིན་	VERB
ཞིང་	ཞིང་	SCONJ
བསྔོ་	བསྔོ་	VERB
ན་	ནས་	PART
ནི་	ནི་	NO_POS
།		PUNCT
ཕྱི་	ཕྱི་	NOUN
ན་	ནས་	PART
སྤྱོད་པ་	སྤྱོད་པ་	VERB
ཡང་དག་པ་	ཡང་དག་པ་	ADJ
ར་	ལ་	PART
སྤྱད་	སྤྱད་	VERB
དོ་	གོ་	PART
། །		PUNCT
དེ་	དེ་	DET
འི་	གི་	PART
ཚེ་	ཚེ་	NOUN
ལུས་	ལུས་	NOUN
སློང་བ་	སློང་བ་	VERB
བྱུང་	བྱུང་	VERB
ན་	ན་	ADP
བདག་	བདག་	PRON
དང་	དང་	NO_POS
གཞན་	གཞན་	DET
སྐལ་བ་	སྐལ་བ་	NOUN
དང་	དང་	NO_POS
ལྡན་པ་	ལྡན་པ་	VERB
དང་	དང་	NO_POS
སྐལ་བ་	སྐལ་བ་	NOUN
དང་	དང་	NO_POS
ལྡན་པ་	ལྡན་པ་	VERB
མིན་པ་	མིན་པ་	VERB
རྣམ་པ་	རྣམ་པ་	NOUN
ར་	ལ་	PART
དཔྱད་པ་	དཔྱད་པ་	VERB
ར་	ལ་	PART
བྱ་	བྱ་	VERB
ན་	ནས་	PART
།		PUNCT
དེ་	དེ་	DET
འི་	གི་	PART
ཕྱི་	ཕྱི་	OTHER
སྐལ་བ་	སྐལ་བ་	NOUN
དང་	དང་	NO_POS
ལྡན་	ལྡན་	VERB
ན་	ན་	ADP
སྦྱིན་པ་	སྦྱིན་པ་	VERB
དང་	དང་	NO_POS
མི་	མི་	PART
ལྡན་	ལྡན་	VERB
ན་	ན་	ADP
སྦྱིན་པ་	སྦྱིན་པ་	VERB
ར་	ལ་	PART
མི་	མི་	PART
བྱ་	བྱ་	VERB
འོ་	གོ་	PART
།།༈		PUNCT
ཟན་	ཟན་	NOUN
ལ་སོགས་པ་	ལ་སོགས་པ་	NO_POS
བཟའ་བ་	བཟའ་བ་	VERB
ཡོ་	ཡོ་	NOUN
ལ་སོགས་པ་	ལ་སོགས་པ་	NO_POS
བཅའ་བ་	བཅའ་བ་	VERB
དེ་བཞིན་	དེ་བཞིན་	OTHER
དུ་	ལ་	PART
།		PUNCT
ཆང་	ཆང་	NOUN
ལ་སོགས་པ་	ལ་སོགས་པ་	NO_POS
བཏུང་བ་	བཏུང་བ་	VERB
ཉིད་	ཉིད་	DET
༑		PUNCT
བཟང་ངན་	བཟང་ངན་	ADJ
མི་	མི་	PART
བརྟག་པ་	བརྟག་པ་	VERB
ར་	ལ་	PART
ཇི་ལྟ་		
རྙེད་པ་	རྙེད་པ་	VERB
རབ་ཏུ་	རབ་ཏུ་	NO_POS
བཟའ་	བཟའ་	NOUN
།		PUNCT
ཡིད་	ཡིད་	NOUN
དུ་	ལ་	PART
འོང་བ་	འོང་བ་	VERB
དང་	དང་	NO_POS
མི་	མི་	PART
འོང་བ་	འོང་བ་	VERB
རྣམ་པ་	རྣམ་པ་	NOUN
ར་	ལ་	PART
རྟོག་པ་	རྟོག་པ་	VERB
ཡིན་པ་	ཡིན་པ་	AUX
འི་	གི་	PART
ཕྱི་	ཕྱི་	OTHER
།		PUNCT
ཡིད་	ཡིད་	NOUN
དུ་	ལ་	PART
འོང་བ་	འོང་བ་	VERB
ལ་	ལ་	ADP
ཞེན་པ་	ཞེན་པ་	VERB
དང་	དང་	NO_POS
མི་	མི་	PART
འོང་བ་	འོང་བ་	VERB
ལ་	ལ་	ADP
སྡང་བ་	སྡང་བ་	VERB
ཙམ་	ཙམ་	DET
དུ་	ལ་	PART
མི་	མི་	PART
བྱ་	བྱ་	VERB
འོ་	གོ་	PART
༑ ༑		PUNCT
བཟའ་བ་	བཟའ་བ་	VERB
ར་	ལ་	PART
བྱ་བ་	བྱ་བ་	VERB
དང་	དང་	NO_POS
བཟའ་བ་	བཟའ་བ་	VERB
ར་	ལ་	PART
བྱ་བ་	བྱ་བ་	VERB
མིན་པ་	མིན་པ་	VERB
འི་	གི་	PART
སྤྱོད་པ་	སྤྱོད་པ་	VERB
དང་	དང་	NO_POS
།		PUNCT
དེ་བཞིན་	དེ་བཞིན་	OTHER
དུ་	ལ་	PART
བཏུང་བ་	བཏུང་བ་	VERB
ར་	ལ་	PART
བྱ་བ་	བྱ་བ་	VERB
དང་	དང་	NO_POS
བཏུང་བྱ་	བཏུང་བྱ་	NO_POS
མིན་པ་	མིན་པ་	VERB
ཉིད་	ཉིད་	DET
དང་	དང་	NO_POS
།		PUNCT
གནས་	གནས་	NOUN
ལ་	ལ་	ADP
བགྲོད་པ་	བགྲོད་པ་	VERB
ར་	ལ་	PART
བྱ་བ་	བྱ་བ་	VERB
དང་	དང་	NO_POS
བགྲོད་བྱ་	བགྲོད་བྱ་	NO_POS
མིན་པ་	མིན་པ་	VERB
ར་	ལ་	PART
སྤྱོད་པ་	སྤྱོད་པ་	VERB
བྱེད་པ་	བྱེད་པ་	VERB
འི་	གི་	PART
སྔགས་པ་	སྔགས་པ་	NOUN
ཡི་	གིས་	PART
།		PUNCT
བླང་དོར་	བླང་དོར་	NOUN
གྱི་	གི་	PART
རྣམ་པ་	རྣམ་པ་	NOUN
ར་	ལ་	PART
རྟོག་པ་	རྟོག་པ་	VERB
ཉིད་	ཉིད་	DET
དུ་	ལ་	PART
མི་	མི་	PART
བྱ་	བྱ་	VERB
འོ་	གོ་	PART
།། ༈		PUNCT
ཐུན་མོང་	ཐུན་མོང་	ADJ
གི་	གི་	PART
དངོས་གྲུབ་	དངོས་གྲུབ་	NOUN
ཐོབ་པ་	ཐོབ་པ་	VERB
འི་	གི་	PART
སློབ་མ་	སློབ་མ་	NOUN
གང་ཞིག་	གང་ཞིག་	NO_POS
གིས་	གིས་	PART
།		PUNCT
བདག་	བདག་	PRON
གི་	གི་	PART
རྒྱུད་	རྒྱུད་	NOUN
ལ་	ལ་	ADP
ཡང་དག་པ་	ཡང་དག་པ་	ADJ
འི་	གི་	PART
ཡེ་ཤེས་	ཡེ་ཤེས་	NOUN
ཀྱི་	གི་	PART
སྣང་བ་	སྣང་བ་	VERB
སྐྱེད་པ་པོ་	སྐྱེད་པ་པོ་	VERB
བླ་མ་	བླ་མ་	NOUN
དེ་	དེ་	DET
།		PUNCT
མནར་མེད་པ་	མནར་མེད་པ་	NO_POS
དང་	དང་	NO_POS
འཁོར་བ་	འཁོར་བ་	NOUN
སྤང་བ་	སྤང་བ་	VERB
འི་	གི་	PART
རྒྱུ་	རྒྱུ་	NOUN
མཛད་པ་	མཛད་པ་	VERB
ཡི་	ཡི་	ADP
ཕྱི་	ཕྱི་	OTHER
༑		PUNCT
གྲུབ་པ་	གྲུབ་པ་	VERB
ཐོབ་པ་	ཐོབ་པ་	VERB
ས་	གིས་	PART
ཀྱང་	ཀྱང་	PART
བླ་མ་	བླ་མ་	NOUN
ལ་	ལ་	ADP
མངོན་སུམ་	མངོན་སུམ་	NOUN
དུ་	ལ་	PART
ཕྱག་	ཕྱག་	NOUN
འཚལ་བ་	འཚལ་བ་	VERB
ར་	ལ་	PART
བྱ་	བྱ་	VERB
འོ་	གོ་	PART
། ༈ །		PUNCT
གཞན་	གཞན་	DET
ལ་	ལ་	ADP
ས་	གིས་	PART
ཀྱི་	གི་	PART
བསླབ་པ་	བསླབ་པ་	VERB
ར་	ལ་	PART
བྱ་བ་	བྱ་བ་	VERB
འི་	གི་	PART
དམ་ཚིག་	དམ་ཚིག་	NOUN
དང་	དང་	NO_POS
དབང་	དབང་	NOUN
གི་	གི་	PART
བྱ་བ་	བྱ་བ་	VERB
ལ་	ལ་	ADP
ས་	གིས་	PART
རྣམ་པ་	རྣམ་པ་	NOUN
ར་	ལ་	PART
གྲོལ་	གྲོལ་	VERB
ཞིང་	ཞིང་	SCONJ
།		PUNCT
དེ་བཞིན་	དེ་བཞིན་	OTHER
དུ་	ལ་	PART
འཇིག་རྟེན་	འཇིག་རྟེན་	NOUN
གྱིས་	གིས་	PART
བརྟག་པ་	བརྟག་པ་	VERB
འི་	གི་	PART
ངོ་ཚ་	ངོ་ཚ་	NOUN
འི་	གི་	PART
རྣམ་རྟོག་	རྣམ་རྟོག་	NOUN
དང་	དང་	NO_POS
དེ་	དེ་	DET
འི་	གི་	PART
འབྲས་བུ་	འབྲས་བུ་	NOUN
ཞུམ་པ་	ཞུམ་པ་	VERB
ཉིད་	ཉིད་	DET
སྤང་	སྤང་	VERB
ངོ་	ངོ་	PART
། །		PUNCT
དེ་	དེ་	DET
འི་	གི་	PART
རྒྱུ་མཚན་	རྒྱུ་མཚན་	NOUN
དངོས་པོ་	དངོས་པོ་	NOUN
ཀུན་	ཀུན་	DET
གྱི་	གི་	PART
རང་བཞིན་	རང་བཞིན་	NOUN
གྱིས་	གིས་	PART
སྟོང་པ་ཉིད་	སྟོང་པ་ཉིད་	NOUN
།		PUNCT
ཡོ་	ཡོ་	OTHER
གི་	གི་	PART
རྣལ་འབྱོར་པ་	རྣལ་འབྱོར་པ་	NOUN
ས་	ས་	ADP
རྣམ་པ་	རྣམ་པ་	NOUN
ར་	ལ་	PART
དཔྱད་	དཔྱད་	VERB
ན་	ནས་	PART
རྟོགས་པ་	རྟོགས་པ་	VERB
འི་	གི་	PART
ཕྱི་	ཕྱི་	OTHER
རོ་	རོ་	NOUN
། །		PUNCT
སྙིང་རྗེ་	སྙིང་རྗེ་	NOUN
ཆེ་ཞེ་	ཆེ་ཞེ་	NO_POS
ས་	གིས་	PART
རྡོ་རྗེ་	རྡོ་རྗེ་	NOUN
སྙིང་པོ་	སྙིང་པོ་	NOUN
ལ་	ལ་	ADP
བོས་པ་	བོས་པ་	VERB
འམ་	གམ་	PART
ཡང་ན་	ཡང་ན་	NO_POS
རྣལ་འབྱོར་པ་	རྣལ་འབྱོར་པ་	NOUN
ཉིད་	ཉིད་	DET
སྙིང་རྗེ་	སྙིང་རྗེ་	NOUN
ཆེན་པོ་	ཆེན་པོ་	ADJ
དང་	དང་	NO_POS
ལྡན་པ་	ལྡན་པ་	VERB
འོ་	གོ་	PART
། །		PUNCT
ཕྱི་	ཕྱི་	NOUN
འི་	གི་	PART
མེ་	མེ་	NOUN
ལ་	ལ་	ADP
སྦྱིན་སྲེག་	སྦྱིན་སྲེག་	NOUN
དང་	དང་	NO_POS
གཏོར་མ་	གཏོར་མ་	NOUN
ལ་སོགས་པ་	ལ་སོགས་པ་	NO_POS
མཆོད་སྦྱིན་	མཆོད་སྦྱིན་	NOUN
དང་	དང་	NO_POS
བཟའ་བ་	བཟའ་བ་	VERB
མི་	མི་	PART
ཟ་བ་	ཟ་བ་	VERB
ལ་སོགས་པ་	ལ་སོགས་པ་	NO_POS
དཀའ་ཐུབ་	དཀའ་ཐུབ་	NOUN
ལ་	ལ་	ADP
ས་	གིས་	PART
འདའ་	འདའ་	VERB
།		PUNCT
ངག་	ངག་	NOUN
ཏུ་	ལ་	PART
བརྗོད་པ་	བརྗོད་པ་	VERB
འི་	གི་	PART
སྔགས་	སྔགས་	NOUN
དང་	དང་	NO_POS
ཡིད་	ཡིད་	NOUN
ལ་	ལ་	ADP
བསམ་པ་	བསམ་པ་	VERB
འི་	གི་	PART
བསམ་གཏན་	བསམ་གཏན་	NOUN
རྣམ་པ་	རྣམ་པ་	NOUN
ར་	ལ་	PART
སྤངས་	སྤངས་	VERB
།		PUNCT
ལ་	ལ་	ADP
ས་	གིས་	PART
དང་པོ་པ་	དང་པོ་པ་	ADJ
འི་	གི་	PART
དམ་ཚིག་	དམ་ཚིག་	NOUN
དང་	དང་	NO_POS
སྡོམ་པ་	སྡོམ་པ་	NOUN
ལ་	ལ་	ADP
ས་	གིས་	PART
རྣམ་པ་	རྣམ་པ་	NOUN
ར་	ལ་	PART
གྲོལ་	གྲོལ་	VERB
༑		PUNCT
གཉིས་	གཉིས་	NUM
སུ་	སུ་	ADP
མེད་པ་	མེད་པ་	VERB
འི་	གི་	PART
ཡེ་ཤེས་	ཡེ་ཤེས་	NOUN
དང་	དང་	NO_POS
ལྡན་པ་	ལྡན་པ་	VERB
འི་	གི་	PART
རྣལ་འབྱོར་	རྣལ་འབྱོར་	NOUN
དང་	དང་	NO_POS
།		PUNCT
ལྡན་པ་	ལྡན་པ་	VERB
ས་	གིས་	PART
དེ་ལྟ་	དེ་ལྟ་	NO_POS
སྤྱོད་པ་	སྤྱོད་པ་	VERB
བྱེད་	བྱེད་	VERB
དོ་	གོ་	PART
།། ༈		PUNCT
དེ་	དེ་	DET
འི་	གི་	PART
ཚེ་	ཚེ་	NOUN
ངེས་པ་		
གདོན་	གདོན་	NOUN
མི་	མི་	PART
ཟ་བ་	ཟ་བ་	VERB
ར་	ལ་	PART
སྔོན་	སྔོན་	ADV
རང་	རང་	PRON
གི་	གི་	PART
མདུན་	མདུན་	NOUN
དུ་	ལ་	PART
ལྷ་མིན་	ལྷ་མིན་	NOUN
གང་ཞིག་	གང་ཞིག་	NO_POS
བརྒྱ་བྱིན་	བརྒྱ་བྱིན་	PROPN
ལྟ་བུ་	ལྟ་བུ་	NOUN
ར་	ལ་	PART
གཟི་བརྗིད་	གཟི་བརྗིད་	NOUN
ཆེ་བ་	ཆེ་བ་	VERB
མཐོང་བ་	མཐོང་བ་	VERB
ཡིན་	ཡིན་	NO_POS
ན་	ན་	ADP
ཡང་	ཀྱང་	PART
།		PUNCT
དེ་	དེ་	DET
ལ་	ལ་	ADP
སེམས་	སེམས་	NOUN
འཇིགས་པ་	འཇིགས་པ་	VERB
ར་	ལ་	PART
མི་	མི་	PART
བྱ་	བྱ་	VERB
སྟེ་	སྟེ་	PART
།		PUNCT
སེང་གེ་	སེང་གེ་	NOUN
འཇིགས་པ་	འཇིགས་པ་	VERB
མེད་པ་	མེད་པ་	VERB
འི་	གི་	PART
གཟུགས་	གཟུགས་	NOUN
ཀྱིས་	གིས་	PART
རྣམ་པ་	རྣམ་པ་	NOUN
ར་	ལ་	PART
རྒྱུ་བ་	རྒྱུ་བ་	VERB
ལྟ་	ལྟ་	OTHER
བྱ་	བྱ་	VERB
འོ་	གོ་	PART
།། ༈		PUNCT
སེམས་ཅན་	སེམས་ཅན་	NOUN
ཀུན་	ཀུན་	DET
གྱི་	གི་	PART
དོན་	དོན་	NOUN
གྱི་	གི་	PART
ཕྱི་	ཕྱི་	OTHER
།		PUNCT
རྟག་	རྟག་	VERB
ཏུ་	ལ་	PART
སྙིང་རྗེ་	སྙིང་རྗེ་	NOUN
འི་	གི་	PART
བཏུང་བ་	བཏུང་བ་	VERB
ས་	གིས་	PART
རང་	རང་	PRON
གི་	གི་	PART
རྟོགས་པ་	རྟོགས་པ་	VERB
རྒྱས་པ་	རྒྱས་པ་	VERB
ར་	ལ་	PART
བྱ་	བྱ་	VERB
།		PUNCT
སྙིང་རྗེ་	སྙིང་རྗེ་	NOUN
དང་	དང་	NO_POS
སྟོང་པ་	སྟོང་པ་	VERB
ཟུང་	ཟུང་	VERB
དུ་	ལ་	PART
འཇུག་པ་	འཇུག་པ་	VERB
འི་	གི་	PART
རྣལ་འབྱོར་	རྣལ་འབྱོར་	NOUN
གྱི་	གི་	PART
བཏུང་བ་	བཏུང་བ་	VERB
ལ་	ལ་	ADP
དགའ་བ་	དགའ་བ་	VERB
ར་	ལ་	PART
བྱ་	བྱ་	VERB
འི་	གི་	PART
རྣལ་འབྱོར་པ་	རྣལ་འབྱོར་པ་	NOUN
།		PUNCT
གཞན་	གཞན་	DET
གྱིས་	གིས་	PART
བཏུང་བ་	བཏུང་བ་	VERB
ཆང་	ཆང་	NOUN
གི་	གི་	PART
ས་	ས་	ADP
བཟི་བ་	བཟི་བ་	VERB
མེད་	མེད་	VERB
།		PUNCT
པ་	པ་	OTHER
ར་	ལ་	PART
བྱ་	བྱ་	VERB
འོ་	གོ་	PART
། ༈ །		PUNCT
རྣལ་འབྱོར་པ་	རྣལ་འབྱོར་པ་	NOUN
སྤྱོད་པ་	སྤྱོད་པ་	VERB
བྱེད་པ་	བྱེད་པ་	VERB
འི་	གི་	PART
ལེའུ་	ལེའུ་	NOUN
ཤོ་ལོ་	ཤོ་ལོ་	NO_POS
ཀ་	ཀ་	DET
ཉི་ཤུ་	ཉི་ཤུ་	NUM
རྩ་	རྩ་	NUM
བདུན་	བདུན་	NUM
ནོ་	གོ་	PART
སྟེ་	སྟེ་	PART
དྲུག་པ་	དྲུག་པ་	NUM
འོ་	གོ་	PART
།། །།༈		PUNCT
དེ་ནས་	དེ་ནས་	NO_POS
གྲོག་	གྲོག་	NOUN
ངོ་	ངོ་	PART
ཤེས་པ་	ཤེས་པ་	VERB
ར་	ལ་	PART
བྱ་བ་	བྱ་བ་	VERB
ཙྪ་		NON_WORD
མ་	མ་	PART
སྟོན་པ་	སྟོན་པ་	NOUN
འི་	གི་	PART
ལེའུ་	ལེའུ་	NOUN
བཤད་པ་	བཤད་པ་	VERB
ར་	ལ་	PART
བྱ་	བྱ་	VERB
འོ་	གོ་	PART
།། ༈		PUNCT
བརྡ་	བརྡ་	NOUN
གང་	གང་	NO_POS
གིས་	གིས་	PART
སྐྱེས་པ་	སྐྱེས་པ་	VERB
དང་	དང་	NO_POS
བུད་མེད་	བུད་མེད་	NOUN
ནང་	ནང་	NOUN
སྤུན་	སྤུན་	NOUN
དང་	དང་	NO_POS
ཕན་ཚུན་	ཕན་ཚུན་	ADV
མིང་པོ་	མིང་པོ་	NOUN
དང་	དང་	NO_POS
སྲིང་མོ་	སྲིང་མོ་	NOUN
ར་	ལ་	PART
ཡང་	ཀྱང་	PART
།		PUNCT
ཐེ་ཚོམ་	ཐེ་ཚོམ་	NOUN
མེད་པ་	མེད་པ་	VERB
ར་	ལ་	PART
ཤེས་པ་	ཤེས་པ་	VERB
ར་	ལ་	PART
བྱ་བ་	བྱ་བ་	VERB
ནི་	ནི་	NO_POS
དགོས་པ་	དགོས་པ་	VERB
འོ་	གོ་	PART
།། ༈		PUNCT
གང་ཞིག་	གང་ཞིག་	NO_POS
ལག་པ་	ལག་པ་	NOUN
གཡོན་པ་	གཡོན་པ་	ADJ
འི་	གི་	PART
སོར་མོ་	སོར་མོ་	NOUN
གཅིག་	གཅིག་	NUM
སྟོན་	སྟོན་	VERB
ན་	ན་	ADP
འོངས་	འོངས་	VERB
སམ་	གམ་	PART
ཞེ་	ཅེས་	PART
འདྲི་བ་	འདྲི་བ་	VERB
དང་	དང་	NO_POS
།		PUNCT
གུང་མཛུབ་	གུང་མཛུབ་	NO_POS
གཉིས་	གཉིས་	NUM
ཀྱིས་	གིས་	PART
ལེགས་པ་	ལེགས་པ་	VERB
ར་	ལ་	PART
འོངས་	འོངས་	VERB
སོ་	སོ་	PART
ཞེ་	ཅེས་	PART
ལན་	ལན་	NOUN
འདེབས་པ་	འདེབས་པ་	VERB
ཡིན་	ཡིན་	NO_POS
།		PUNCT
ལག་པ་	ལག་པ་	NOUN
གཡོན་པ་	གཡོན་པ་	ADJ
འི་	གི་	PART
མཐེ་བོང་	མཐེ་བོང་	NOUN
ཆང་པ་	ཆང་པ་	NO_POS
ར་	ལ་	PART
བཅངས་པ་	བཅངས་པ་	VERB
ལ་	ལ་	ADP
ས་	གིས་	PART
།		PUNCT
སྙུན་འདྲི་བ་	སྙུན་འདྲི་བ་	NO_POS
དང་	དང་	NO_POS
ལན་	ལན་	NOUN
གྱི་	གི་	PART
ཕྱག་རྒྱ་	ཕྱག་རྒྱ་	NOUN
ར་	ལ་	PART
རྣམ་པ་	རྣམ་པ་	NOUN
ར་	ལ་	PART
ཤེ་	ཤེ་	VERB
སོ་	སོ་	PART
།། ༈		PUNCT
གང་ཞིག་	གང་ཞིག་	NO_POS
སྲིན་ལག་	སྲིན་ལག་	NO_POS
བརྐྱང་	བརྐྱང་	NO_POS
ན་	ནས་	PART
སྟེར་བ་	སྟེར་བ་	VERB
འི་	གི་	PART
བརྡ་	བརྡ་	NOUN
ལ་	ལ་	ADP
།		PUNCT
དེ་	དེ་	DET
ལ་	ལ་	ADP
ལན་	ལན་	NOUN
ཐེའུ་	ཐེའུ་	NOUN
ཆུང་	ཆུང་	VERB
བརྐྱང་	བརྐྱང་	NO_POS
ན་	ནས་	PART
རྣམ་པ་	རྣམ་པ་	NOUN
ར་	ལ་	PART
སྦྱིན་	སྦྱིན་	VERB
ནོ་	གོ་	PART
། །		PUNCT
གང་ཞིག་	གང་ཞིག་	NO_POS
གུང་མོ་	གུང་མོ་	NO_POS
གྱེན་	གྱེན་	NOUN
དུ་	ལ་	PART
ཕྱར་	ཕྱར་	NO_POS
ན་	ནས་	PART
སྟོན་པ་	སྟོན་པ་	NOUN
འི་	གི་	PART
བརྡ་	བརྡ་	NOUN
ལ་	ལ་	ADP
།		PUNCT
དེ་	དེ་	DET
ཡི་	ཡི་	ADP
ལན་	ལན་	NOUN
མཛུབ་མོ་	མཛུབ་མོ་	NOUN
རྣམ་པ་	རྣམ་པ་	NOUN
ར་	ལ་	PART
སྦྱིན་	སྦྱིན་	VERB
ནོ་	གོ་	PART
། །		PUNCT
གང་ཞིག་	གང་ཞིག་	NO_POS
སྲིན་ལག་	སྲིན་ལག་	NO_POS
ཕྱར་	ཕྱར་	NO_POS
ན་	ནས་	PART
སྟོན་པ་	སྟོན་པ་	NOUN
ལ་	ལ་	ADP
།		PUNCT
དེ་	དེ་	DET
ཡི་	ཡི་	ADP
མགྲིན་པ་	མགྲིན་པ་	NOUN
ལ་	ལ་	ADP
རེག་	རེག་	VERB
ན་	ནས་	PART
རབ་ཏུ་	རབ་ཏུ་	NO_POS
བསྟན་	བསྟན་	VERB
ནོ་	གོ་	PART
། །		PUNCT
གང་ཞིག་	གང་ཞིག་	NO_POS
གོ་	གོ་	NOUN
ལ་	ལ་	ADP
ནི་	ནི་	NO_POS
རེག་	རེག་	VERB
ན་	ནས་	PART
སྟོན་པ་	སྟོན་པ་	NOUN
ལ་	ལ་	ADP
།		PUNCT
དེ་	དེ་	DET
ཡི་	ཡི་	ADP
ལན་	ལན་	NOUN
སོར་མོ་	སོར་མོ་	NOUN
དབུས་མ་	དབུས་མ་	ADJ
གསུམ་	གསུམ་	NUM
རྩེ་	རྩེ་	NOUN
གསུམ་	གསུམ་	NUM
གྱི་	གི་	PART
ཚུལ་	ཚུལ་	NOUN
དུ་	ལ་	PART
རབ་ཏུ་	རབ་ཏུ་	NO_POS
བསྟན་	བསྟན་	VERB
ནོ་	གོ་	PART
༑ ༑		PUNCT
གང་ཞིག་	གང་ཞིག་	NO_POS
ནུ་མ་	ནུ་མ་	NOUN
ལ་	ལ་	ADP
རེག་	རེག་	VERB
ན་	ནས་	PART
སྟོན་པ་	སྟོན་པ་	NOUN
ལ་	ལ་	ADP
།		PUNCT
དེ་	དེ་	DET
ཡི་	ཡི་	ADP
ལན་	ལན་	NOUN
སྐྲ་མཚམས་	སྐྲ་མཚམས་	NO_POS
སམ་	གམ་	PART
ལྟེ་བ་	ལྟེ་བ་	NOUN
ནི་	ནི་	NO_POS
རབ་ཏུ་	རབ་ཏུ་	NO_POS
བསྟན་	བསྟན་	VERB
༑		PUNCT
གང་ཞིག་	གང་ཞིག་	NO_POS
ས་རེག་	ས་རེག་	NO_POS
ན་	ནས་	PART
ནི་	ནི་	NO_POS
སྟོན་པ་	སྟོན་པ་	NOUN
ལ་	ལ་	ADP
།		PUNCT
དེ་	དེ་	DET
ཡི་	ཡི་	ADP
ལན་	ལན་	NOUN
དུ་	ལ་	PART
ཁ་	ཁ་	PRON
ལ་	ལ་	ADP
ནི་	ནི་	NO_POS
རེག་པ་	རེག་པ་	VERB
འམ་	གམ་	PART
འཁོར་ལོ་	འཁོར་ལོ་	NOUN
འབྲི་བ་	འབྲི་བ་	VERB
འི་	གི་	PART
ཚུལ་	ཚུལ་	NOUN
དུ་	ལ་	PART
ནི་	ནི་	NO_POS
རབ་ཏུ་	རབ་ཏུ་	NO_POS
བསྟན་	བསྟན་	VERB
།		PUNCT
གང་ཞིག་	གང་ཞིག་	NO_POS
སྨིན་མཚམས་	སྨིན་མཚམས་	NOUN
སུ་	སུ་	ADP
ཁྲོ་གཉེར་	ཁྲོ་གཉེར་	NO_POS
བསྡུ་	བསྡུ་	VERB
ན་	ནས་	PART
སྟོན་པ་	སྟོན་པ་	NOUN
ལ་	ལ་	ADP
༑		PUNCT
གཙུག་ཕུད་	གཙུག་ཕུད་	NOUN
དགྲོལ་བ་	དགྲོལ་བ་	VERB
འི་	གི་	PART
ཚུལ་	ཚུལ་	NOUN
ལན་	ལན་	NOUN
དུ་	ལ་	PART
རབ་ཏུ་	རབ་ཏུ་	NO_POS
བ་	བ་	NOUN
བརྗོད་པ་	བརྗོད་པ་	VERB
ར་	ལ་	PART
བྱ་	བྱ་	VERB
འོ་	གོ་	PART
། །		PUNCT
གང་ཞིག་	གང་ཞིག་	NO_POS
དཔྲལ་བ་	དཔྲལ་བ་	NOUN
རེག་	རེག་	VERB
ན་	ནས་	PART
སྟོན་པ་	སྟོན་པ་	NOUN
ལ་	ལ་	ADP
།		PUNCT
དེ་	དེ་	DET
ཡི་	ཡི་	ADP
ལན་	ལན་	NOUN
རྒྱབ་	རྒྱབ་	NOUN
ཏུ་	ལ་	PART
རེག་	རེག་	VERB
ན་	ནས་	PART
ནི་	ནི་	NO_POS
རབ་ཏུ་	རབ་ཏུ་	NO_POS
བསྟན་	བསྟན་	VERB
།		PUNCT
གང་ཞིག་	གང་ཞིག་	NO_POS
རྐང་མཐིལ་	རྐང་མཐིལ་	NOUN
ལ་	ལ་	ADP
རེག་	རེག་	VERB
ན་	ནས་	PART
སྟོན་པ་	སྟོན་པ་	NOUN
ལ་	ལ་	ADP
།		PUNCT
ལན་	ལན་	NOUN
དུ་	ལ་	PART
ལྟོ་	ལྟོ་	NOUN
ཡི་	ཡི་	ADP
འཕེན་པ་	འཕེན་པ་	VERB
འམ་	གམ་	PART
ཚུལ་	ཚུལ་	NOUN
གྱིས་	གིས་	PART
རྣམ་པ་	རྣམ་པ་	NOUN
ར་	ལ་	PART
རྩེ་བ་	རྩེ་བ་	VERB
ར་	ལ་	PART
བྱ་	བྱ་	VERB
༑ ༈		PUNCT
སྔ་མ་	སྔ་མ་	ADJ
ཕྱག་རྒྱ་	ཕྱག་རྒྱ་	NOUN
དང་	དང་	NO_POS
ཕྱི་མ་	ཕྱི་མ་	ADJ
ཕྱག་རྒྱ་	ཕྱག་རྒྱ་	NOUN
འི་	གི་	PART
ལན་	ལན་	NOUN
གྱིས་	གིས་	PART
ནི་	ནི་	NO_POS
།		PUNCT
དམ་ཚིག་	དམ་ཚིག་	NOUN
དང་	དང་	NO_POS
ལྡན་	ལྡན་	VERB
མི་	མི་	PART
ལྡན་	ལྡན་	VERB
གིས་	གིས་	PART
ནི་	ནི་	NO_POS
རྣམ་པ་	རྣམ་པ་	NOUN
ར་	ལ་	PART
དབྱེ་	དབྱེ་	VERB
། ༈		PUNCT
དེ་ལྟ་	དེ་ལྟ་	NO_POS
བརྡ་	བརྡ་	NOUN
འཕྲོད་པ་	འཕྲོད་པ་	VERB
འི་	གི་	PART
ཡུལ་	ཡུལ་	NOUN
དེ་	དེ་	DET
ལ་	ལ་	ADP
གྲོག་	གྲོག་	NOUN
རྡོ་རྗེ་	རྡོ་རྗེ་	NOUN
རྣལ་འབྱོར་	རྣལ་འབྱོར་	NOUN
མ་	མ་	OTHER
སྨྲས་པ་	སྨྲས་པ་	VERB
།		PUNCT
ཨེ་མ་	ཨེ་མ་	INTJ
ཞེ་	ཅེས་	PART
དགའ་	དགའ་	VERB
ཞིང་	ཞིང་	SCONJ
ངོ་མཚར་	ངོ་མཚར་	ADJ
ན་	ནས་	PART
བུ་	བུ་	NOUN
ནི་	ནི་	NO_POS
སྙིང་རྗེ་	སྙིང་རྗེ་	NOUN
ཆེན་པོ་	ཆེན་པོ་	ADJ
ཞེ་	ཅེས་	PART
བོ་	བོ་	VERB
ན་	ནས་	PART
།		PUNCT
གལ་ཏེ་	གལ་ཏེ་	NO_POS
དངོ་	དངོ་	NOUN
སུ་	སུ་	ADP
ཕྲེང་བ་	ཕྲེང་བ་	NOUN
སྟོན་པ་	སྟོན་པ་	NOUN
འི་	གི་	PART
ཕྲེང་བ་	ཕྲེང་བ་	NOUN
འཛིན་པ་	འཛིན་པ་	VERB
འི་	གི་	PART
ལག་པ་	ལག་པ་	NOUN
སྟོན་པ་	སྟོན་པ་	NOUN
འི་	གི་	PART
བརྡ་	བརྡ་	NOUN
བྱེད་	བྱེད་	VERB
ན་	ན་	ADP
།		PUNCT
ཚོགས་	ཚོགས་	NOUN
ཀྱི་	གི་	PART
འཁོར་ལོ་	འཁོར་ལོ་	NOUN
ལ་	ལ་	ADP
འདུ་བ་	འདུ་བ་	VERB
ར་	ལ་	PART
བྱ་	བྱ་	VERB
འོ་	གོ་	PART
ཞེ་	ཅེས་	PART
སྨྲ་བ་	སྨྲ་བ་	VERB
འི་	གི་	PART
བརྡ་	བརྡ་	NOUN
ཡིན་	ཡིན་	NO_POS
།		PUNCT
གལ་ཏེ་	གལ་ཏེ་	NO_POS
ཕྲེང་བ་	ཕྲེང་བ་	NOUN
མངོན་པ་	མངོན་པ་	OTHER
བཏང་	བཏང་	VERB
ན་	ནས་	PART
སྐྱུར་བ་	སྐྱུར་བ་	VERB
ར་	ལ་	PART
བྱ་	བྱ་	VERB
ན་	ན་	ADP
གང་	གང་	NO_POS
དུ་	ལ་	PART
ལྷུང་བ་	ལྷུང་བ་	VERB
འི་	གི་	PART
ས་ཕྱོགས་	ས་ཕྱོགས་	NOUN
དེ་	དེ་	DET
ར་	ལ་	PART
འདུ་བ་	འདུ་བ་	VERB
ར་	ལ་	PART
བྱ་བ་	བྱ་བ་	VERB
ས་	གིས་	PART
།		PUNCT
དམ་ཚིག་	དམ་ཚིག་	NOUN
ལ་	ལ་	ADP
མནོས་	མནོས་	NO_POS
ལ་	ལ་	ADP
ཤོག་	ཤོག་	VERB
བརྟུལ་ཞུགས་	བརྟུལ་ཞུགས་	NOUN
བཟང་པོ་	བཟང་པོ་	ADJ
ཞེ་	ཅེས་	PART
འབོད་པ་	འབོད་པ་	VERB
འོ་	གོ་	PART
།། ༈		PUNCT
དེ་	དེ་	DET
ལ་	ལ་	ADP
སྐྱེ་བོ་	སྐྱེ་བོ་	NOUN
ཕལ་པ་	ཕལ་པ་	NOUN
ལ་	ལ་	ADP
ས་	གིས་	PART
ཕྱི་རོལ་	ཕྱི་རོལ་	NOUN
དུ་	ལ་	PART
གྱུར་པ་	གྱུར་པ་	VERB
ཞེ་	ཅེས་	PART
བྱ་བ་	བྱ་བ་	VERB
འདུ་བ་	འདུ་བ་	VERB
འི་	གི་	PART
གནས་	གནས་	NOUN
།		PUNCT
མཆོག་ཐོབ་པ་	མཆོག་ཐོབ་པ་	OTHER
བཟང་པོ་	བཟང་པོ་	ADJ
འི་	གི་	PART
སྤྱོད་ཡུལ་	སྤྱོད་ཡུལ་	NOUN
ཅན་	ཅན་	PART
གནས་པ་	གནས་པ་	VERB
ནི་	ནི་	NO_POS
ཡུལ་	ཡུལ་	NOUN
སུམ་ཅུ་	སུམ་ཅུ་	OTHER
སོ་	སོ་	PART
གཉིས་	གཉིས་	NUM
ཏེ་	སྟེ་	PART
། ༈		PUNCT
གནས་	གནས་	NOUN
དེ་	དེ་	DET
ར་	ལ་	PART
ཚོགས་འཁོར་	ཚོགས་འཁོར་	NOUN
དེ་	དེ་	DET
ལ་	ལ་	ADP
འདུ་བ་	འདུ་བ་	VERB
ར་	ལ་	PART
བྱ་	བྱ་	VERB
ཞིང་	ཞིང་	SCONJ
འདུ་	འདུ་	VERB
ན་	ནས་	PART
རྡོ་རྗེ་	རྡོ་རྗེ་	NOUN
རྣལ་འབྱོར་	རྣལ་འབྱོར་	NOUN
མ་	མ་	OTHER
།		PUNCT
གང་	གང་	NO_POS
སྨྲས་པ་	སྨྲས་པ་	VERB
དེ་ལྟ་	དེ་ལྟ་	NO_POS
ཐམས་ཅད་	ཐམས་ཅད་	DET
རྣལ་འབྱོར་པ་	རྣལ་འབྱོར་པ་	NOUN
ས་	གིས་	PART
བྱ་	བྱ་	VERB
འོ་	གོ་	PART
།། ༈		PUNCT
ཀྱེ་	ཀྱེ་	INTJ
བཅོམ་ལྡན་འདས་	བཅོམ་ལྡན་འདས་	NOUN
འདུ་བ་	འདུ་བ་	VERB
འི་	གི་	PART
གནས་	གནས་	NOUN
དུ་	ལ་	PART
ལགས་	ལགས་	AUX
།		PUNCT
ཞེ་	ཅེས་	PART
ཞུས་པ་	ཞུས་པ་	VERB
འི་	གི་	PART
ལན་	ལན་	NOUN
དུ་	ལ་	PART
བཅོམ་ལྡན་འདས་	བཅོམ་ལྡན་འདས་	NOUN
ཀྱིས་	གིས་	PART
བཀའ་	བཀའ་	NOUN
སྩལ་པ་	སྩལ་པ་	VERB
།		PUNCT
དཔའ་བོ་	དཔའ་བོ་	NOUN
དང་	དང་	NO_POS
རྣལ་འབྱོར་	རྣལ་འབྱོར་	NOUN
མ་	མ་	PART
འདུ་བ་	འདུ་བ་	VERB
འི་	གི་	PART
གནས་	གནས་	NOUN
བཞི་	བཞི་	NUM
།		PUNCT
རབ་ཏུ་	རབ་ཏུ་	NO_POS
དགའ་བ་	དགའ་བ་	VERB
དང་	དང་	NO_POS
ཉེ་བ་	ཉེ་བ་	VERB
དེ་	དེ་	DET
དང་	དང་	NO_POS
མ་	མ་	PART
མཐུན་པ་	མཐུན་པ་	VERB
འི་	གི་	PART
དྲི་མ་	དྲི་མ་	NOUN
མེད་པ་	མེད་པ་	VERB
གནས་	གནས་	NOUN
བཞི་	བཞི་	NUM
དང་	དང་	NO_POS
ནི་	ནི་	NO_POS
།།		PUNCT
ཡོན་ཏན་	ཡོན་ཏན་	NOUN
སྐྱེད་པ་	སྐྱེད་པ་	VERB
འི་	གི་	PART
གཞི་	གཞི་	NOUN
འི་	གི་	PART
ཞིང་	ཞིང་	SCONJ
གཉིས་	གཉིས་	NUM
།		PUNCT
འོད་བྱེད་པ་	འོད་བྱེད་པ་	NO_POS
དང་	དང་	NO_POS
དེ་	དེ་	DET
དང་	དང་	NO_POS
ཆ་	ཆ་	NOUN
མཐུན་པ་	མཐུན་པ་	VERB
ཉེ་བ་	ཉེ་བ་	VERB
འི་	གི་	PART
ཞིང་	ཞིང་	SCONJ
གཉིས་	གཉིས་	NUM
།		PUNCT
འོད་འཕྲོ་བ་	འོད་འཕྲོ་བ་	NO_POS
ཉིད་	ཉིད་	DET
དང་	དང་	NO_POS
ནི་	ནི་	NO_POS
།		PUNCT
སྦྱང་	སྦྱང་	VERB
དཀའ་བ་	དཀའ་བ་	VERB
ཙྪན་		NON_WORD
དོ་	གོ་	PART
ནི་	ནི་	NO_POS
འདུན་པ་	འདུན་པ་	PROPN
སྟེ་	སྟེ་	PART
དེ་	དེ་	DET
ར་	ལ་	PART
འཚོགས་པ་	འཚོགས་པ་	VERB
ར་	ལ་	PART
འདུན་པ་	འདུན་པ་	PROPN
འི་	གི་	PART
གནས་	གནས་	NOUN
གཉིས་	གཉིས་	NUM
དང་	དང་	NO_POS
དེ་	དེ་	DET
དང་	དང་	NO_POS
ཆ་	ཆ་	NOUN
མཐུན་པ་	མཐུན་པ་	VERB
ཉེ་བ་	ཉེ་བ་	VERB
འི་	གི་	PART
ཙྪན་		NON_WORD
དོ་	གོ་	PART
མངོན་དུ་	མངོན་དུ་	NO_POS
གྱུར་པ་	གྱུར་པ་	VERB
དང་	དང་	NO_POS
།		PUNCT
གཉིས་	གཉིས་	NUM
།		PUNCT
དེ་བཞིན་	དེ་བཞིན་	OTHER
དུ་	ལ་	PART
དཔའ་བོ་	དཔའ་བོ་	NOUN
དང་	དང་	NO_POS
རྣལ་འབྱོར་	རྣལ་འབྱོར་	NOUN
མ་	མ་	PART
འདུ་བ་	འདུ་བ་	VERB
བཞི་	བཞི་	NUM
།		PUNCT
རིང་	རིང་	NOUN
དུ་	ལ་	PART
སོང་བ་	སོང་བ་	VERB
ཉེ་བ་	ཉེ་བ་	VERB
འི་	གི་	PART
འདུ་བ་	འདུ་བ་	VERB
མི་གཡོ་བ་	མི་གཡོ་བ་	NO_POS
གཉིས་	གཉིས་	NUM
དང་	དང་	NO_POS
།		PUNCT
དངོས་གྲུབ་	དངོས་གྲུབ་	NOUN
འཐུང་	འཐུང་	NO_POS
ཞིང་	ཞིང་	SCONJ
ཉེས་པ་	ཉེས་པ་	VERB
གཅོད་པ་	གཅོད་པ་	VERB
འི་	གི་	PART
གནས་	གནས་	NOUN
བཞི་	བཞི་	NUM
དང་	དང་	NO_POS
དེ་	དེ་	DET
དང་	དང་	NO_POS
ཆ་	ཆ་	NOUN
མཐུན་པ་	མཐུན་པ་	VERB
ཉེ་བ་	ཉེ་བ་	VERB
འི་	གི་	PART
ཡེ་ཤེས་	ཡེ་ཤེས་	NOUN
ཆེན་པོ་	ཆེན་པོ་	ADJ
འཐུང་	འཐུང་	NO_POS
གཅོད་	གཅོད་	NO_POS
བཞི་	བཞི་	NUM
ཉིད་	ཉིད་	DET
དང་	དང་	NO_POS
།		PUNCT
ལེགས་པ་	ལེགས་པ་	VERB
འི་	གི་	PART
བློ་གྲོས་	བློ་གྲོས་	NOUN
།		PUNCT
རོ་གནས་པ་	རོ་གནས་པ་	NO_POS
འི་	གི་	PART
དུར་ཁྲོད་	དུར་ཁྲོད་	NOUN
གཉིས་	གཉིས་	NUM
དང་	དང་	NO_POS
དེ་	དེ་	DET
དང་	དང་	NO_POS
ཆ་	ཆ་	NOUN
འཐུན་པ་	འཐུན་པ་	NON_WORD
འི་	གི་	PART
ཉེ་བ་	ཉེ་བ་	VERB
འི་	གི་	PART
དུར་ཁྲོད་	དུར་ཁྲོད་	NOUN
གཉིས་	གཉིས་	NUM
།		PUNCT
ཆོ་	ཆོ་	NOUN
ཀྱི་	གི་	PART
སྤྲིན་	སྤྲིན་	NOUN
ཉིད་	ཉིད་	DET
དེ་	དེ་	DET
།		PUNCT
གནས་	གནས་	NOUN
ལ་སོགས་པ་	ལ་སོགས་པ་	NO_POS
འདི་	འདི་	DET
རྣམས་	རྣམས་	DET
དབང་	དབང་	NOUN
དུ་	ལ་	PART
གྱུར་པ་	གྱུར་པ་	VERB
ལས་བྱང་	ལས་བྱང་	OTHER
ཆུབ་	ཆུབ་	VERB
སེམས་དཔ་	སེམས་དཔའ་	NOUN
འི་	གི་	PART
ས་	ས་	ADP
ནི་	ནི་	NO_POS
བཅུ་གཉིས་	བཅུ་གཉིས་	NO_POS
འགྲུབ་	འགྲུབ་	VERB
ཏེ་	སྟེ་	PART
།		PUNCT
ས་བཅུ་	ས་བཅུ་	NO_POS
གཅིག་པ་	གཅིག་པ་	ADJ
དང་	དང་	NO_POS
བཅུ་གཉིས་པ་	བཅུ་གཉིས་པ་	NO_POS
དེ་	དེ་	DET
ས་བཅུ་	ས་བཅུ་	NO_POS
འི་	གི་	PART
དབང་ཕྱུག་	དབང་ཕྱུག་	NOUN
དང་	དང་	NO_POS
།		PUNCT
མགོན་པོ་	མགོན་པོ་	NOUN
ར་	ལ་	PART
གྱུར་པ་	གྱུར་པ་	VERB
ཉིད་	ཉིད་	DET
དོ་	གོ་	PART
། །		PUNCT
གནས་	གནས་	NOUN
ལ་སོགས་པ་	ལ་སོགས་པ་	NO_POS
འདི་	འདི་	DET
ས་	གིས་	PART
ནི་	ནི་	NO_POS
ས་བཅུ་	ས་བཅུ་	NO_POS
གཉིས་	གཉིས་	NUM
ཐོབ་པ་	ཐོབ་པ་	VERB
ར་	ལ་	PART
འགྱུར་	འགྱུར་	VERB
གྱི་	གི་	PART
གཞན་	གཞན་	DET
གྱིས་	གིས་	PART
ནི་	ནི་	NO_POS
ཐོབ་པ་	ཐོབ་པ་	VERB
ར་	ལ་	PART
བརྗོད་པ་	བརྗོད་པ་	VERB
ར་	ལ་	PART
མི་	མི་	PART
བྱ་	བྱ་	VERB
འོ་	གོ་	PART
། ༈ །		PUNCT
དེ་	དེ་	DET
རྒྱས་པ་	རྒྱས་པ་	VERB
ར་	ལ་	PART
བཤད་པ་	བཤད་པ་	VERB
འི་	གི་	PART
ཕྱི་	ཕྱི་	OTHER
ཀྱེ་	ཀྱེ་	INTJ
བཅོམ་ལྡན་འདས་	བཅོམ་ལྡན་འདས་	NOUN
གནས་	གནས་	NOUN
ལ་སོགས་པ་	ལ་སོགས་པ་	NO_POS
གང་	གང་	NO_POS
ལགས་	ལགས་	AUX
།		PUNCT
ཞེ་	ཅེས་	PART
ཞུས་པ་	ཞུས་པ་	VERB
འི་	གི་	PART
ལན་	ལན་	NOUN
དུ་	ལ་	PART
།		PUNCT
བཅོམ་ལྡན་འདས་	བཅོམ་ལྡན་འདས་	NOUN
ཀྱིས་	གིས་	PART
བཀའ་	བཀའ་	NOUN
སྩལ་པ་	སྩལ་པ་	VERB
།		PUNCT
སྤྱི་གཙུག་	སྤྱི་གཙུག་	NOUN
གནས་	གནས་	NOUN
ནི་	ནི་	NO_POS
ཁ་ཆེ་	ཁ་ཆེ་	PROPN
དང་	དང་	NO_POS
རྒྱ་གར་	རྒྱ་གར་	PROPN
གྱི་	གི་	PART
བ་	བ་	NOUN
ན་	ན་	ADP
ཛཱ་	ཛཱ་	NO_POS
ལན་	ལན་	NOUN
དྷ་		NON_WORD
ར་	ར་	ADP
ར་	ལ་	PART
བཤད་	བཤད་	VERB
།		PUNCT
དེ་བཞིན་	དེ་བཞིན་	OTHER
དུ་	ལ་	PART
ནི་	ནི་	NO_POS
ནུབ་ཕྱོགས་	ནུབ་ཕྱོགས་	NOUN
ཨུ་	ཨུ་	NO_POS
ཌྱིན་		NON_WORD
འཕུར་འགྲོ་	འཕུར་འགྲོ་	NO_POS
ཉིད་	ཉིད་	DET
སྤྱི་བོ་	སྤྱི་བོ་	NOUN
ར་	ལ་	PART
།		PUNCT
གནས་	གནས་	NOUN
ནི་	ནི་	NO_POS
ལྷོ་ནུབ་	ལྷོ་ནུབ་	NO_POS
ཀོལླ་		NON_WORD
པུ་རི་	པུ་རི་	NO_POS
ཞེ་	ཅེས་	PART
བྱ་བ་	བྱ་བ་	VERB
འི་	གི་	PART
གྲོང་	གྲོང་	NOUN
ཡོད་པ་	ཡོད་པ་	VERB
འི་	གི་	PART
ཀོལླ་		NON_WORD
གི་	གི་	PART
རི་	རི་	NOUN
འཚོགས་	འཚོགས་	VERB
མ་	མ་	PART
ཉིད་	ཉིད་	DET
།		PUNCT
དེ་བཞིན་	དེ་བཞིན་	OTHER
རྒྱ་གར་	རྒྱ་གར་	PROPN
ཤར་ཕྱོགས་	ཤར་ཕྱོགས་	NOUN
དུ་	ལ་	PART
ཡང་	ཀྱང་	PART
སྨིན་ཕྲག་	སྨིན་ཕྲག་	NOUN
ཀཱམ་		NON_WORD
རཱུ་		NON_WORD
འདོད་པ་	འདོད་པ་	VERB
འི་	གི་	PART
གཟུགས་	གཟུགས་	NOUN
ཉིད་	ཉིད་	DET
དེ་	དེ་	DET
གནས་	གནས་	NOUN
བཞི་	བཞི་	NUM
འོ་	གོ་	PART
། །		PUNCT
ཉེ་	ཉེ་	VERB
གནས་	གནས་	NOUN
ལྷོ་	ལྷོ་	NOUN
འི་	གི་	PART
གླིང་ཕྲན་	གླིང་ཕྲན་	NOUN
མཱ་	མཱ་	NO_POS
ལ་	ལ་	ADP
ཝ་	ཝ་	OTHER
སྣ་རྩེ་	སྣ་རྩེ་	NO_POS
ཞེ་	ཅེས་	PART
བརྗོད་	བརྗོད་	VERB
།		PUNCT
		
མིག་	མིག་	NOUN
གཉིས་	གཉིས་	NUM
		
ནུབ་ཕྱོགས་	ནུབ་ཕྱོགས་	NOUN
ན་	ནས་	PART
འབབ་པ་	འབབ་པ་	VERB
འི་	གི་	PART
ཆུ་བོ་	ཆུ་བོ་	NOUN
སིནྡྷུ་		NON_WORD
		
ཀ་	ཀ་	DET
		
འགྲམ་	འགྲམ་	NOUN
མོ་	མོ་	PRON
། །		PUNCT
རྣ་བ་	རྣ་བ་	NOUN
གཉིས་	གཉིས་	NUM
ནཱ་ག་	ནཱ་ག་	X
ར་	ར་	ADP
ནི་	ནི་	NO_POS
ཡུལ་དབུས་	ཡུལ་དབུས་	NOUN
ཉིད་	ཉིད་	DET
དོ་	གོ་	PART
།		PUNCT
ཞིང་	ཞིང་	SCONJ
ནི་	ནི་	NO_POS
		
ག་	ག་	PRON
		
ལྷོ་ཕྱོགས་	ལྷོ་ཕྱོགས་	NOUN
རྒྱ་མཚོ་	རྒྱ་མཚོ་	NOUN
འི་	གི་	PART
འགྲམ་	འགྲམ་	NOUN
ན་	ན་	ADP
།		PUNCT
ཨོས་		NON_WORD
ཀོ་	ཀོ་	NO_POS
མུམྨུ་		NON_WORD
ནིར་		NON_WORD
རྒྱལ་པོ་	རྒྱལ་པོ་	NOUN
འི་	གི་	PART
ཁབ་	ཁབ་	NOUN
ཅེས་བྱ་བ་	ཅེས་བྱ་བ་	NO_POS
བཤད་	བཤད་	VERB
དེ་	དེ་	DET
།		PUNCT
ཞིང་	ཞིང་	SCONJ
ནི་	ནི་	NO_POS
		
ཏ་	ཏ་	OTHER
		
བྱེད་	བྱེད་	VERB
ལྷོ་ཕྱོགས་	ལྷོ་ཕྱོགས་	NOUN
རྒྱ་མཚོ་	རྒྱ་མཚོ་	NOUN
འི་	གི་	PART
གླིང་ཕྲན་པ་	གླིང་ཕྲན་པ་	NOUN
འི་	གི་	PART
བྲང་	བྲང་	NOUN
ཉིད་	ཉིད་	DET
རྟགས་	རྟགས་	NOUN
ཀྱི་	གི་	PART
རྩེ་མོ་	རྩེ་མོ་	NOUN
དོ་	གོ་	PART
། །		PUNCT
རྡོ་རྗེ་	རྡོ་རྗེ་	NOUN
གདན་	གདན་	NOUN
གྱི་	གི་	PART
ཤ་	ཤ་	VERB
ན་	ན་	ADP
		
ང་	ང་	PRON
		
དེ་	དེ་	DET
ཝཱི་		NON_WORD
ཀོ་ཊ་	ཀོ་ཊ་	NO_POS
ལྷ་མོ་	ལྷ་མོ་	NOUN
འི་	གི་	PART
མཁའ་	མཁའ་	NOUN
ཏེ་	སྟེ་	PART
།		PUNCT
མགྲིན་པ་	མགྲིན་པ་	NOUN
དེ་བཞིན་	དེ་བཞིན་	OTHER
གཉིས་	གཉིས་	NUM
ནི་	ནི་	NO_POS
ཞིང་	ཞིང་	SCONJ
ངོ་	ངོ་	PART
། །		PUNCT
ཞིང་	ཞིང་	SCONJ
ནི་	ནི་	NO_POS
ཁ་	ཁ་	PRON
ཡིན་	ཡིན་	NO_POS
།		PUNCT
		
ཁ་	ཁ་	PRON
		
ལྕགས་པ་	ལྕགས་པ་	NOUN
འི་	གི་	PART
བྲང་	བྲང་	NOUN
སྟེ་	སྟེ་	PART
སིང་	སིང་	NO_POS
ག་	ག་	PRON
གླིང་	གླིང་	NOUN
།		PUNCT
ཉིད་	ཉིད་	DET
དོ་	གོ་	PART
བཞི་	བཞི་	NUM
སྟེ་	སྟེ་	PART
ཉེ་བ་	ཉེ་བ་	VERB
འི་	གི་	PART
གནས་	གནས་	NOUN
སོ་	སོ་	PART
།།		PUNCT
		
ཅ་	ཅ་	OTHER
		
ཉེ་	ཉེ་	VERB
ཞིང་	ཞིང་	SCONJ
ལྷོ་ནུབ་	ལྷོ་ནུབ་	NO_POS
ན་	ན་	ADP
རྡོ་	རྡོ་	NOUN
པུས་མོ་	པུས་མོ་	NOUN
ལྟ་བུ་	ལྟ་བུ་	NOUN
ཡོད་པ་	ཡོད་པ་	VERB
ལ་	ལ་	ADP
ཀུ་	ཀུ་	NO_POS
ལུ་	ལུ་	NO_POS
ཏ་	ཏ་	OTHER
རྒྱབ་	རྒྱབ་	NOUN
ཀྱི་	གི་	PART
ཚིགས་པ་	ཚིགས་པ་	NOUN
ཞེ་	ཅེས་	PART
བརྗོད་	བརྗོད་	VERB
དོ་	གོ་	PART
། །		PUNCT
དེ་བཞིན་	དེ་བཞིན་	OTHER
དུ་	ལ་	PART
ལྷོ་ཕྱོགས་	ལྷོ་ཕྱོགས་	NOUN
ཀྱི་	གི་	PART
རྒྱུད་	རྒྱུད་	NOUN
ན་	ན་	ADP
།		PUNCT
ཨརྦུ་		NON_WORD
ད་	ད་	ADV
ནུ་མ་	ནུ་མ་	NOUN
གཉིས་	གཉིས་	NUM
ཉིད་	ཉིད་	DET
དོ་	གོ་	PART
སྟེ་	སྟེ་	PART
ཉེ་	ཉེ་	VERB
ཞིང་	ཞིང་	SCONJ
གཉིས་	གཉིས་	NUM
སོ་	སོ་	PART
། །		PUNCT
ལྟེ་བ་	ལྟེ་བ་	NOUN
		
ཇ་	ཇ་	OTHER
		
བ་	བ་	X
ཡི་	ཡི་	ADP
མཆོག་སྦྱིན་	མཆོག་སྦྱིན་	NOUN
ནི་	ནི་	NO_POS
གོ་	གོ་	VERB
ད་	ད་	ADV
ཝ་	ཝ་	OTHER
རི་	རི་	NOUN
ལྷོ་ཕྱོགས་	ལྷོ་ཕྱོགས་	NOUN
དཔལ་	དཔལ་	OTHER
གྱི་	གི་	PART
རི་	རི་	NOUN
འི་	གི་	PART
ངོ་	ངོ་	NOUN
ཤིག་	ཅིག་	PART
ན་	ན་	ADP
ཡོད་	ཡོད་	VERB
།		PUNCT
དེ་	དེ་	DET
གཉིས་	གཉིས་	NUM
ཙྪན་		NON_WORD
དོའོ་		NON_WORD
། །		PUNCT
ལྟག་པ་	ལྟག་པ་	VERB
ཁ་བ་	ཁ་བ་	NOUN
འི་	གི་	PART
རི་	རི་	NOUN
		
ཚ་	ཚ་	VERB
		
གངས་ཅན་	གངས་ཅན་	ADJ
ནོ་	གོ་	PART
། །		PUNCT
ཉེ་བ་	ཉེ་བ་	VERB
འི་	གི་	PART
ཞིང་	ཞིང་	SCONJ
ནི་	ནི་	NO_POS
མདོར་བསྡུས་པ་	མདོར་བསྡུས་པ་	OTHER
འོ་	གོ་	PART
༑ ༑		PUNCT
ཙྪན་		NON_WORD
དོ་ཧ་	དོ་ཧ་	OTHER
རི་	རི་	NOUN
སྙིང་ཁ་	སྙིང་ཁ་	NOUN
		
ཆ་	ཆ་	NOUN
		
ཀེ་	ཀེ་	PROPN
ལ་	ལ་	ADP
ནི་	ནི་	NO_POS
ཤར་ལྷོ་	ཤར་ལྷོ་	NOUN
ར་	ལ་	PART
ནམ་མཁ་	ནམ་མཁའ་	NOUN
འི་	གི་	PART
ཤིང་	ཅིང་	PART
དང་	དང་	NO_POS
།		PUNCT
སྙིང་ཁ་	སྙིང་ཁ་	NOUN
འི་	གི་	PART
ཕྱོགས་	ཕྱོགས་	NOUN
		
མ་	མ་	PART
		
ལན་ཚྭ་	ལན་ཚྭ་	NO_POS
རྒྱ་མཚོ་	རྒྱ་མཚོ་	NOUN
འི་	གི་	PART
ནང་	ནང་	NOUN
སྐྱེས་པ་	སྐྱེས་པ་	VERB
ཁྱབ་འཇུག་	ཁྱབ་འཇུག་	OTHER
གིས་	གིས་	PART
བྱས་པ་	བྱས་པ་	VERB
འི་	གི་	PART
རྣམ་པ་	རྣམ་པ་	NOUN
ར་	ལ་	PART
སྣང་	སྣང་	VERB
མཛད་	མཛད་	VERB
ཀྱི་	གི་	PART
སྐུ་	སྐུ་	NOUN
ཡོད་པ་	ཡོད་པ་	VERB
དང་	དང་	NO_POS
ཉེ་བ་	ཉེ་བ་	VERB
འི་	གི་	PART
གླིང་ཕྲན་	གླིང་ཕྲན་	NOUN
ནོ་	གོ་	PART
དང་	དང་	NO_POS
།		PUNCT
གསང་བ་	གསང་བ་	VERB
འི་	གི་	PART
ནང་	ནང་	NOUN
		
ཉ་	ཉ་	NOUN
		
ལམྦ་		NON_WORD
ཀཱ་	ཀཱ་	NO_POS
རྒྱ་གར་	རྒྱ་གར་	PROPN
ནུབ་ཕྱོགས་	ནུབ་ཕྱོགས་	NOUN
དང་	དང་	NO_POS
ལྷོ་ནུབ་	ལྷོ་ནུབ་	NO_POS
ཀཱཉྩི་		NON_WORD
རྟགས་	རྟགས་	NOUN
ཀྱི་	གི་	PART
དབུ་	དབུ་	NOUN
ཉིད་	ཉིད་	DET
ན་	ན་	ADP
འོ་	གོ་	PART
། །		PUNCT
དེ་	དེ་	DET
ཉེ་བ་	ཉེ་བ་	VERB
འི་	གི་	PART
ཙྪན་		NON_WORD
དོ་	གོ་	PART
གཉིས་	གཉིས་	NUM
སོ་	སོ་	PART
། །		PUNCT
		
ཙ་	ཙ་	NOUN
		
དེ་བཞིན་	དེ་བཞིན་	OTHER
དུ་	ལ་	PART
།		PUNCT
སྙིང་ཁ་	སྙིང་ཁ་	NOUN
འི་	གི་	PART
ཕྱོགས་	ཕྱོགས་	NOUN
སཽ་		NON_WORD
རཱཥྟ་		NON_WORD
ནུབ་ཕྱོགས་	ནུབ་ཕྱོགས་	NOUN
ན་སོ་བ་	ན་སོ་བ་	NOUN
ན་	ན་	ADP
ཐ་	ཐ་	NOUN
ཡོད་པ་	ཡོད་པ་	VERB
འི་	གི་	PART
ཡུལ་	ཡུལ་	NOUN
ཉིད་	ཉིད་	DET
བཞི་	བཞི་	NUM
འཐུང་	འཐུང་	NO_POS
གཅོད་	གཅོད་	NO_POS
དོ་	གོ་	PART
། །		PUNCT
སྙིང་ཁ་	སྙིང་ཁ་	NOUN
འི་	གི་	PART
ཕྱོགས་	ཕྱོགས་	NOUN
ཉེ་བ་	ཉེ་བ་	VERB
འི་	གི་	PART
ཙྪན་		NON_WORD
དོ་	གོ་	PART
ཀ་	ཀ་	DET
		
ཝ་	ཝ་	OTHER
		
ལིང་	ལིང་	ADV
ཀ་	ཀ་	DET
ནི་	ནི་	NO_POS
ལྷོ་ཕྱོགས་	ལྷོ་ཕྱོགས་	NOUN
རྒྱ་མཚོ་	རྒྱ་མཚོ་	NOUN
འི་	གི་	PART
འགྲམ་	འགྲམ་	NOUN
ཏི་	ཏི་	NO_POS
ལིང་	ལིང་	ADV
ཀ་	ཀ་	DET
ན་	ན་	ADP
ཉེ་བ་	ཉེ་བ་	VERB
འི་	གི་	PART
ཡུལ་འཁོར་	ཡུལ་འཁོར་	NO_POS
རོ་	རོ་	NOUN
།།		PUNCT
གཞང་	གཞང་	NO_POS
ཁ་	ཁ་	PRON
		
ཐ་	ཐ་	NOUN
		
གསེར་	གསེར་	NOUN
དང་	དང་	NO_POS
ལྡན་པ་	ལྡན་པ་	VERB
འི་	གི་	PART
གླིང་	གླིང་	NOUN
ལྷོ་ཕྱོགས་	ལྷོ་ཕྱོགས་	NOUN
མི་	མི་	PART
མེད་པ་	མེད་པ་	VERB
འི་	གི་	PART
གླིང་	གླིང་	NOUN
གསེར་	གསེར་	NOUN
གླིང་	གླིང་	NOUN
ངོ་	ངོ་	PART
དང་	དང་	NO_POS
ནི་	ནི་	NO_POS
།		PUNCT
འདུ་བ་	འདུ་བ་	VERB
གཉིས་	གཉིས་	NUM
༑		PUNCT
བརླ་	བརླ་	NOUN
གཉིས་	གཉིས་	NUM
ཀོང་	ཀོང་	NO_POS
ཀ་	ཀ་	DET
ན་	ན་	ADP
ཡང་	ཀྱང་	PART
ནི་	ནི་	NO_POS
ལྷོ་ཕྱོགས་	ལྷོ་ཕྱོགས་	NOUN
ན་མ་	ན་མ་	PROPN
ཧཱ་		NON_WORD
བྷིམྦྷ་		NON_WORD
བྱ་བ་	བྱ་བ་	VERB
མཆོད་རྟེན་	མཆོད་རྟེན་	NOUN
རང་བྱོན་	རང་བྱོན་	ADJ
ཡོད་པ་	ཡོད་པ་	VERB
འི་	གི་	PART
གནས་	གནས་	NOUN
ཏེ་	སྟེ་	PART
ཉེ་	ཉེ་	VERB
ཙྪན་		NON_WORD
དོར་	དོར་	VERB
།		PUNCT
མདོར་བསྡུས་པ་	མདོར་བསྡུས་པ་	OTHER
ས་	གིས་	PART
ནི་	ནི་	NO_POS
བརྗོད་པ་	བརྗོད་པ་	VERB
ར་	ལ་	PART
བྱ་	བྱ་	VERB
།		PUNCT
ཕྲག་པ་	ཕྲག་པ་	NOUN
འཐུང་	འཐུང་	NO_POS
		
བ་	བ་	X
		
གཅོད་	གཅོད་	NO_POS
གྲོང་ཁྱེར་	གྲོང་ཁྱེར་	NOUN
ནི་	ནི་	NO_POS
ཁ་ཆེ་	ཁ་ཆེ་	PROPN
འི་	གི་	PART
བྱེ་བྲག་	བྱེ་བྲག་	NOUN
གོ་	གོ་	VERB
དང་	དང་	NO_POS
ཡང་	ཀྱང་	PART
།		PUNCT
རྐང་མཐིལ་	རྐང་མཐིལ་	NOUN
འཐུང་	འཐུང་	NO_POS
གཅོད་	གཅོད་	NO_POS
གྲོང་	གྲོང་	NOUN
གི་	གི་	PART
མཐ་	མཐའ་	NOUN
ར་	ལ་	PART
གནས་པ་	གནས་པ་	VERB
ནི་	ནི་	NO_POS
མོན་ཡུལ་	མོན་ཡུལ་	PROPN
གྱི་	གི་	PART
བྱེ་བྲག་	བྱེ་བྲག་	NOUN
གོ་	གོ་	VERB
།		PUNCT
སོར་མོ་	སོར་མོ་	NOUN
རྣམས་	རྣམས་	DET
		
པ་	པ་	OTHER
		
ཙཱ་	ཙཱ་	NO_POS
རི་	རི་	NOUN
ཏྲ་		NON_WORD
རྒྱ་གར་	རྒྱ་གར་	PROPN
ལྷོ་ཕྱོགས་	ལྷོ་ཕྱོགས་	NOUN
ཀྱི་	གི་	PART
བྱེ་བྲག་	བྱེ་བྲག་	NOUN
གོ་	གོ་	VERB
དང་	དང་	NO_POS
རྐེད་པ་	རྐེད་པ་	NOUN
		
ཛ་	ཛ་	OTHER
		
ཀོ་ས་ལ་	ཀོ་ས་ལ་	PROPN
རྡོ་རྗེ་	རྡོ་རྗེ་	NOUN
གདན་	གདན་	NOUN
གྱི་	གི་	PART
ལྷོ་ནུབ་	ལྷོ་ནུབ་	NO_POS
མཉན་	མཉན་	VERB
དུ་ཡོད་པ་	དུ་ཡོད་པ་	NO_POS
འི་	གི་	PART
ཡུལ་ཕྱོགས་	ཡུལ་ཕྱོགས་	NOUN
ཀྱི་	གི་	PART
ཆ་	ཆ་	NOUN
འོ་	གོ་	PART
། །		PUNCT
པུས་མོ་	པུས་མོ་	NOUN
གཉིས་	གཉིས་	NUM
		
ད་	ད་	ADV
		
བིནྡྷ་		NON_WORD
རྗེ་བཙུན་	རྗེ་བཙུན་	NOUN
སྒྲོལ་མ་	སྒྲོལ་མ་	PROPN
བཞུགས་པ་	བཞུགས་པ་	VERB
རི་བོ་	རི་བོ་	NOUN
འབིགས་བྱེད་	འབིགས་བྱེད་	NO_POS
ཀྱི་	གི་	PART
ལྷོ་ཕྱོགས་	ལྷོ་ཕྱོགས་	NOUN
ན་	ན་	ADP
ཡོད་	ཡོད་	VERB
།		PUNCT
ཉེ་བ་	ཉེ་བ་	VERB
འི་	གི་	PART
འདུ་བ་	འདུ་བ་	VERB
གཉིས་	གཉིས་	NUM
།		PUNCT
མཐེ་བོང་	མཐེ་བོང་	NOUN
གཉིས་	གཉིས་	NUM
		
ཕ་	ཕ་	NOUN
		
གཞོན་ནུ་	གཞོན་ནུ་	ADJ
ནི་	ནི་	NO_POS
རྒྱ་མཚོ་	རྒྱ་མཚོ་	NOUN
འི་	གི་	PART
གླིང་ཕྲན་	གླིང་ཕྲན་	NOUN
བུ་མོ་	བུ་མོ་	NOUN
གཟུགས་བཟང་པོ་	གཟུགས་བཟང་པོ་	NO_POS
ཁོ་ན་	ཁོ་ན་	DET
སྐྱེ་བ་	སྐྱེ་བ་	VERB
འི་	གི་	PART
གྲོང་ཁྱེར་	གྲོང་ཁྱེར་	NOUN
རོ་ཉེ་བ་	རོ་ཉེ་བ་	NO_POS
འི་	གི་	PART
དུར་ཁྲོད་	དུར་ཁྲོད་	NOUN
གཉིས་	གཉིས་	NUM
།		PUNCT
རྡོ་རྗེ་	རྡོ་རྗེ་	NOUN
སྙིང་པོ་	སྙིང་པོ་	NOUN
སྙིང་རྗེ་	སྙིང་རྗེ་	NOUN
ཆེ་	ཆེ་	VERB
།		PUNCT
ཉེ་བ་	ཉེ་བ་	VERB
འི་	གི་	PART
འཐུང་	འཐུང་	NO_POS
གཅོད་	གཅོད་	NO_POS
ནི་	ནི་	NO_POS
འཐུང་	འཐུང་	NO_POS
གཅོད་	གཅོད་	NO_POS
དེ་	དེ་	DET
དང་	དང་	NO_POS
ཉེ་བ་	ཉེ་བ་	VERB
སྟེ་	སྟེ་	PART
བཞི་	བཞི་	NUM
འོ་	གོ་	PART
། །		PUNCT
བྱིན་པ་	བྱིན་པ་	VERB
གཉིས་	གཉིས་	NUM
		
ན་	ན་	ADP
		
དུར་ཁྲོད་	དུར་ཁྲོད་	NOUN
རབ་	རབ་	ADV
སོང་	སོང་	VERB
རོ་	རོ་	NOUN
མང་	མང་	VERB
དུ་	ལ་	PART
གནས་པ་	གནས་པ་	VERB
འི་	གི་	PART
དགེ་འདུན་	དགེ་འདུན་	NOUN
དང་	དང་	NO_POS
།		PUNCT
བོལ་གོང་	བོལ་གོང་	NO_POS
གཉིས་	གཉིས་	NUM
དུར་ཁྲོད་	དུར་ཁྲོད་	NOUN
རྒྱ་མཚོ་	རྒྱ་མཚོ་	NOUN
འི་	གི་	PART
འགྲམ་	འགྲམ་	NOUN
ཉིད་	ཉིད་	DET
ན་	ན་	ADP
དངོ་	དངོ་	NOUN
སུ་	སུ་	ADP
ཡིད་	ཡིད་	NOUN
དྭགས་	དྭགས་	NO_POS
རྒྱུ་བ་	རྒྱུ་བ་	VERB
འི་	གི་	PART
ས་ཕྱོགས་	ས་ཕྱོགས་	NOUN
ཡོད་	ཡོད་	VERB
དོ་	གོ་	PART
། །		PUNCT
དུར་ཁྲོད་	དུར་ཁྲོད་	NOUN
གཉིས་	གཉིས་	NUM
།		PUNCT
མ་སྐྱེས་དགྲ་	མ་སྐྱེས་དགྲ་	PROPN
འི་	གི་	PART
		
ཞ་	ཞ་	OTHER
		
སྐྱེད་ཚལ་	སྐྱེད་ཚལ་	NOUN
ར་བ་	ར་བ་	NOUN
འི་	གི་	PART
སྙིང་ཁ་	སྙིང་ཁ་	NOUN
འི་	གི་	PART
ཕྱོགསརྫིང་		NON_WORD
བུ་	བུ་	NOUN
འི་	གི་	PART
འགྲམ་	འགྲམ་	NOUN
		
གྱིས་	གིས་	PART
ཕྱོགས་	ཕྱོགས་	NOUN
།		PUNCT
		
བཞི་	བཞི་	NUM
ཉེ་བ་	ཉེ་བ་	VERB
འི་	གི་	PART
འཐུང་	འཐུང་	NO_POS
གཅོད་	གཅོད་	NO_POS
དེ་དེ་	དེ་དེ་	NO_POS
དག་	དག་	DET
ནི་	ནི་	NO_POS
གང་	གང་	NO_POS
དུ་	ལ་	PART
འདུ་བ་	འདུ་བ་	VERB
འི་	གི་	PART
གནས་	གནས་	NOUN
སོ་	སོ་	PART
། །		PUNCT
ཉེ་བ་	ཉེ་བ་	VERB
འི་	གི་	PART
དུར་ཁྲོད་	དུར་ཁྲོད་	NOUN
བརྗོད་པ་	བརྗོད་པ་	VERB
ར་	ལ་	PART
བྱ་	བྱ་	VERB
།		PUNCT
སེམས་ཅན་	སེམས་ཅན་	NOUN
ཀུན་	ཀུན་	DET
གྱི་	གི་	PART
དོན་	དོན་	NOUN
གྱི་	གི་	PART
ཕྱིར་དུ་	ཕྱིར་དུ་	NO_POS
སངས་རྒྱས་	སངས་རྒྱས་	NOUN
བསྒྲུབ་པ་	བསྒྲུབ་པ་	VERB
འི་	གི་	PART
རྣལ་འབྱོར་	རྣལ་འབྱོར་	NOUN
མ་	མ་	PART
འི་	གི་	PART
ཡང་	ཀྱང་	PART
རྒྱུད་	རྒྱུད་	NOUN
སྟོན་པ་	སྟོན་པ་	NOUN
ཀྱེ་	ཀྱེ་	INTJ
རྡོ་རྗེ་	རྡོ་རྗེ་	NOUN
ར་	ལ་	PART
།		PUNCT
གྲོག་	གྲོག་	NOUN
རྣལ་འབྱོར་	རྣལ་འབྱོར་	NOUN
མ་	མ་	PART
ཡི་	ཡི་	ADP
ཚོགས་	ཚོགས་	NOUN
དང་	དང་	NO_POS
ལེགས་པ་	ལེགས་པ་	VERB
ར་	ལ་	PART
འདུ་བ་	འདུ་བ་	VERB
འི་	གི་	PART
དུས་	དུས་	NOUN
ཉིན་པ་	ཉིན་པ་	NOUN
ར་	ལ་	PART
ཉིད་	ཉིད་	DET
ཀྱང་	ཀྱང་	PART
བཤད་པ་	བཤད་པ་	VERB
ར་	ལ་	PART
བྱ་	བྱ་	VERB
། ༈		PUNCT
ཀྱེ་	ཀྱེ་	INTJ
བཅོམ་ལྡན་འདས་	བཅོམ་ལྡན་འདས་	NOUN
ཚོགས་	ཚོགས་	NOUN
ཀྱི་	གི་	PART
འཁོར་ལོ་	འཁོར་ལོ་	NOUN
ལ་	ལ་	ADP
འདུ་བ་	འདུ་བ་	VERB
འི་	གི་	PART
ཉི་མ་	ཉི་མ་	NOUN
གང་	གང་	NO_POS
ལགས་	ལགས་	AUX
ཞེ་	ཅེས་	PART
ཞུས་པ་	ཞུས་པ་	VERB
འི་	གི་	PART
ལན་	ལན་	NOUN
དུ་	ལ་	PART
།		PUNCT
བཅོམ་ལྡན་འདས་	བཅོམ་ལྡན་འདས་	NOUN
ཀྱིས་	གིས་	PART
བཀའ་	བཀའ་	NOUN
སྩལ་པ་	སྩལ་པ་	VERB
།		PUNCT
ཡི་དྭགས་	ཡི་དྭགས་	NOUN
འབྱུང་པོ་	འབྱུང་པོ་	NOUN
རྒྱུ་བ་	རྒྱུ་བ་	VERB
འི་	གི་	PART
དུས་	དུས་	NOUN
ནི་	ནི་	NO_POS
ཟླ་ཕྱེད་	ཟླ་ཕྱེད་	NOUN
བཅོ་ལྔ་	བཅོ་ལྔ་	NO_POS
དང་	དང་	NO_POS
གནམ་སྟོང་	གནམ་སྟོང་	NOUN
དང་	དང་	NO_POS
བཅུ་བཞི་	བཅུ་བཞི་	NO_POS
དང་	དང་	NO_POS
ཉི་ཤུ་	ཉི་ཤུ་	NUM
དགུ་	དགུ་	NUM
དང་	དང་	NO_POS
།		PUNCT
དེ་བཞིན་	དེ་བཞིན་	OTHER
དུ་	ལ་	PART
ཡང་	ཀྱང་	PART
བརྒྱད་	བརྒྱད་	NUM
དང་	དང་	NO_POS
ཉི་ཤུ་	ཉི་ཤུ་	NUM
གསུམ་པ་	གསུམ་པ་	NUM
ཉིད་	ཉིད་	DET
དོ་	གོ་	PART
།། ༈		PUNCT
རྒྱལ་མཚན་	རྒྱལ་མཚན་	NOUN
ལྟ་	ལྟ་	OTHER
སྟེང་	སྟེང་	NOUN
དུ་	ལ་	PART
བཅིངས་པ་	བཅིངས་པ་	VERB
རྐུན་མོ་	རྐུན་མོ་	NOUN
གསལ་ཤིང་	གསལ་ཤིང་	NOUN
ལ་ཕུག་པ་	ལ་ཕུག་པ་	NO_POS
དང་	དང་	NO_POS
ནི་	ནི་	NO_POS
མཚོན་	མཚོན་	NOUN
བསྣུན་པ་	བསྣུན་པ་	VERB
དཔའ་བོ་	དཔའ་བོ་	NOUN
གཡུལ་	གཡུལ་	NOUN
དུ་	ལ་	PART
བསད་པ་	བསད་པ་	VERB
ཉིད་	ཉིད་	DET
དང་	དང་	NO_POS
།		PUNCT
ལན་	ལན་	NOUN
བདུན་	བདུན་	NUM
དུ་	ལ་	PART
མི་	མི་	PART
ར་	ལ་	PART
སྐྱེ་བ་	སྐྱེ་བ་	VERB
འི་	གི་	PART
སྐྱེ་བ་	སྐྱེ་བ་	VERB
བདུན་པ་	བདུན་པ་	NUM
འི་	གི་	PART
ཤ་	ཤ་	NOUN
ཡང་	ཀྱང་	PART
བཟའ་བ་	བཟའ་བ་	VERB
ར་	ལ་	PART
བྱ་	བྱ་	VERB
།		PUNCT
ཡང་ན་	ཡང་ན་	NO_POS
གདུག་པ་	གདུག་པ་	ADJ
ཅན་	ཅན་	PART
ལ་	ལ་	ADP
འབད་པ་	འབད་པ་	VERB
ས་	གིས་	PART
སྙིང་རྗེ་	སྙིང་རྗེ་	NOUN
བསྐྱེད་པ་	བསྐྱེད་པ་	VERB
ཡི་	གིས་	PART
།		PUNCT
ཏིང་ངེ་འཛིན་	ཏིང་ངེ་འཛིན་	NOUN
གྱིས་	གིས་	PART
བསད་པ་	བསད་པ་	VERB
ར་	ལ་	PART
བྱ་ན་	བྱ་ན་	NOUN
ས་	གིས་	PART
ཚོགས་	ཚོགས་	NOUN
ཀྱི་	གི་	PART
ཡོ་བྱད་	ཡོ་བྱད་	NOUN
བྱ་བ་	བྱ་བ་	VERB
ར་	ལ་	PART
བརྗོད་པ་	བརྗོད་པ་	VERB
ཉིད་	ཉིད་	DET
།		PUNCT
སྙིང་རྗེ་	སྙིང་རྗེ་	NOUN
མེད་	མེད་	VERB
ན་	ན་	ADP
ཁོང་ཁྲོ་	ཁོང་ཁྲོ་	NOUN
ས་	གིས་	PART
མི་	མི་	PART
འགྲུབ་པ་	འགྲུབ་པ་	VERB
ས་	གིས་	PART
།		PUNCT
དེ་ཕྱིར་	དེ་ཕྱིར་	NO_POS
ཀུན་སློང་	ཀུན་སློང་	NO_POS
སྙིང་རྗེ་	སྙིང་རྗེ་	NOUN
བསྐྱེད་པ་	བསྐྱེད་པ་	VERB
ཉིད་	ཉིད་	DET
།		PUNCT
ཐམས་ཅད་	ཐམས་ཅད་	DET
གདུག་པ་	གདུག་པ་	ADJ
ཅན་	ཅན་	PART
བསྒྲལ་བ་	བསྒྲལ་བ་	VERB
འི་	གི་	PART
ལ་	ལ་	ADP
ས་	གིས་	PART
ལ་	ལ་	ADP
གཞུག་པ་	གཞུག་པ་	VERB
ར་	ལ་	PART
བྱ་བ་	བྱ་བ་	VERB
སྟེ་	སྟེ་	PART
།		PUNCT
ཆོ་ག་	ཆོ་ག་	NOUN
འི་	གི་	PART
གཙོ་བོ་	གཙོ་བོ་	ADJ
ས་	གིས་	PART
ཏིང་ངེ་འཛིན་	ཏིང་ངེ་འཛིན་	NOUN
གྱིས་	གིས་	PART
གདུག་པ་	གདུག་པ་	ADJ
ཅན་	ཅན་	PART
གྱི་	གི་	PART
སྲོག་	སྲོག་	NOUN
དགག་པ་	དགག་པ་	VERB
ར་	ལ་	PART
བྱ་	བྱ་	VERB
ལ་	ལ་	ADP
དེ་	དེ་	DET
འི་	གི་	PART
ལུས་	ལུས་	NOUN
ལ་	ལ་	ADP
ཚོགས་	ཚོགས་	NOUN
ཀྱི་	གི་	PART
ཡོ་བྱད་	ཡོ་བྱད་	NOUN
བྱ་	བྱ་	VERB
འོ་	གོ་	PART
། །		PUNCT
ཚོགས་འཁོར་	ཚོགས་འཁོར་	NOUN
བྱེད་པ་	བྱེད་པ་	VERB
དེ་	དེ་	DET
ལ་	ལ་	ADP
ཚུལ་	ཚུལ་	NOUN
འདི་ལྟར་	འདི་ལྟར་	NO_POS
བལྟ་བ་	བལྟ་བ་	VERB
ར་	ལ་	PART
བྱ་བ་	བྱ་བ་	VERB
ཉིད་	ཉིད་	DET
དོ་	གོ་	PART
། ༈ །		PUNCT
དུས་	དུས་	NOUN
ཉིན་	ཉིན་	NOUN
མོ་	མོ་	PRON
དང་	དང་	NO_POS
གང་ཟག་	གང་ཟག་	NOUN
སྒྲུབ་པ་པོ་	སྒྲུབ་པ་པོ་	VERB
སྐྱེས་པ་	སྐྱེས་པ་	VERB
རྣམས་	རྣམས་	DET
བཅོམ་ལྡན་འདས་	བཅོམ་ལྡན་འདས་	NOUN
རྡོ་རྗེ་	རྡོ་རྗེ་	NOUN
ཅན་	ཅན་	PART
།		PUNCT
དུས་	དུས་	NOUN
མཚན་མོ་	མཚན་མོ་	ADV
དང་	དང་	NO_POS
གང་ཟག་	གང་ཟག་	NOUN
བུད་མེད་	བུད་མེད་	NOUN
ཤེས་རབ་	ཤེས་རབ་	NOUN
བདག་མེད་	བདག་མེད་	ADJ
མ་	མ་	NOUN
བརྟག་པ་	བརྟག་པ་	VERB
ར་	ལ་	PART
བྱ་	བྱ་	VERB
༑		PUNCT
དེ་ལྟ་	དེ་ལྟ་	NO_POS
བསམས་	བསམས་	VERB
ན་	ནས་	PART
ལུས་	ལུས་	NOUN
ཀྱིས་	གིས་	PART
མི་	མི་	PART
བྱ་བ་	བྱ་བ་	VERB
ཟད་	ཟད་	VERB
ཀྱང་	ཀྱང་	PART
ཡོད་པ་	ཡོད་པ་	VERB
མ་	མ་	PART
ཡིན་	ཡིན་	NO_POS
།		PUNCT
རྟག་	རྟག་	VERB
ཏུ་	ལ་	PART
མི་	མི་	PART
བཟའ་བ་	བཟའ་བ་	VERB
ཡོད་པ་	ཡོད་པ་	VERB
མ་ཡིན་པ་	མ་ཡིན་པ་	OTHER
ས་	གིས་	PART
ཟ་	ཟ་	NOUN
ཐམས་ཅད་	ཐམས་ཅད་	DET
བཟའ་བ་	བཟའ་བ་	VERB
ར་	ལ་	PART
བྱ་	བྱ་	VERB
འོ་	གོ་	PART
། །		PUNCT
འདི་	འདི་	DET
ལ་	ལ་	ADP
སེམས་	སེམས་	NOUN
ཀྱིས་	གིས་	PART
མི་	མི་	PART
བསམ་པ་	བསམ་པ་	VERB
གང་ཡང་	གང་ཡང་	NO_POS
ཡོད་པ་	ཡོད་པ་	VERB
མ་ཡིན་པ་	མ་ཡིན་པ་	OTHER
ས་	གིས་	PART
རྟོག་པ་	རྟོག་པ་	VERB
ཐམས་ཅད་	ཐམས་ཅད་	DET
མི་	མི་	PART
དགག་	དགག་	VERB
གོ་	གོ་	VERB
།		PUNCT
ངག་	ངག་	NOUN
ཏུ་	ལ་	PART
བཟང་ངན་	བཟང་ངན་	ADJ
མི་སྨྲ་བ་	མི་སྨྲ་བ་	NO_POS
གང་ཡང་	གང་ཡང་	NO_POS
མེད་པ་	མེད་པ་	VERB
ས་	གིས་	PART
ཐམས་ཅད་	ཐམས་ཅད་	DET
སྨྲ་	སྨྲ་	VERB
སྟེ་	སྟེ་	PART
ཐམས་ཅད་	ཐམས་ཅད་	DET
དོན་	དོན་	NOUN
དུ་	ལ་	PART
འགྱུར་བ་	འགྱུར་བ་	VERB
འི་	གི་	PART
ཕྱི་	ཕྱི་	OTHER
རོ་	རོ་	NOUN
།། ༈		PUNCT
ཇི་ལྟ་		
བདག་ཉིད་	བདག་ཉིད་	NOUN
ལྷ་	ལྷ་	NOUN
ཡིན་པ་	ཡིན་པ་	AUX
བཞིན་	བཞིན་	NOUN
དེ་ལྟ་	དེ་ལྟ་	NO_POS
ཕྱི་རོལ་	ཕྱི་རོལ་	NOUN
གྱི་	གི་	PART
སྣང་བ་	སྣང་བ་	VERB
གཞན་	གཞན་	DET
ཡང་	ཀྱང་	PART
ལྷ་	ལྷ་	NOUN
དང་	དང་	NO_POS
།		PUNCT
དེ་བཞིན་	དེ་བཞིན་	OTHER
དུ་	ལ་	PART
བདག་	བདག་	PRON
ནི་	ནི་	NO_POS
གཞན་	གཞན་	DET
རྣམས་	རྣམས་	DET
ཀྱི་	གི་	PART
གཙོ་བོ་	གཙོ་བོ་	ADJ
ལྟ་	ལྟ་	OTHER
བསྒོམ་པ་	བསྒོམ་པ་	VERB
ས་	གིས་	PART
ང་	ང་	PRON
མཆོག་	མཆོག་	ADJ
སྟེ་	སྟེ་	PART
ལྷན་ཅིག་	ལྷན་ཅིག་	OTHER
སྐྱེས་པ་	སྐྱེས་པ་	VERB
འི་	གི་	PART
རང་བཞིན་	རང་བཞིན་	NOUN
ཉིད་	ཉིད་	DET
དོ་	གོ་	PART
།། ༈		PUNCT
འདི་ལྟར་	འདི་ལྟར་	NO_POS
སེམས་པ་	སེམས་པ་	VERB
རྣལ་འབྱོར་པ་	རྣལ་འབྱོར་པ་	NOUN
བདག་	བདག་	PRON
གིས་	གིས་	PART
བཟའ་བ་	བཟའ་བ་	VERB
དང་	དང་	NO_POS
བཏུང་བ་	བཏུང་བ་	VERB
ལ་སོགས་པ་	ལ་སོགས་པ་	NO_POS
འི་	གི་	PART
ཅི་	ཅི་	NO_POS
བདེ་བ་	བདེ་བ་	VERB
ར་	ལ་	PART
སྤྱད་	སྤྱད་	VERB
དོ་	གོ་	PART
། །		PUNCT
དེ་	དེ་	DET
འི་	གི་	PART
ཕན་ཡོན་	ཕན་ཡོན་	NOUN
ལུས་	ལུས་	NOUN
ཀྱིས་	གིས་	PART
ཡན་ལག་	ཡན་ལག་	NOUN
ཇི་སྙེད་	ཇི་སྙེད་	OTHER
བསྒྱུར་བ་	བསྒྱུར་བ་	VERB
དང་	དང་	NO_POS
།		PUNCT
ངག་	ངག་	NOUN
ཏུ་	ལ་	PART
ཚིག་	ཚིག་	NOUN
རྣམས་	རྣམས་	DET
རབ་ཏུ་	རབ་ཏུ་	NO_POS
རྒྱས་པ་	རྒྱས་པ་	VERB
སྨྲ་བ་	སྨྲ་བ་	VERB
ཉིད་	ཉིད་	DET
།		PUNCT
རྣལ་འབྱོར་པ་	རྣལ་འབྱོར་པ་	NOUN
ཧེ་རུ་ཀ་	ཧེ་རུ་ཀ་	NOUN
དཔལ་	དཔལ་	OTHER
གྱི་	གི་	PART
གནས་	གནས་	NOUN
སུ་	སུ་	ADP
ཞུགས་པ་	ཞུགས་པ་	VERB
ས་	གིས་	PART
།		PUNCT
ལུས་ངག་	ལུས་ངག་	NOUN
གི་	གི་	PART
བྱ་བ་	བྱ་བ་	VERB
ཇི་སྙེད་པ་	ཇི་སྙེད་པ་	OTHER
དེ་སྙེད་	དེ་སྙེད་	NO_POS
སྔགས་	སྔགས་	NOUN
དང་	དང་	NO_POS
ཕྱག་རྒྱ་	ཕྱག་རྒྱ་	NOUN
ར་	ལ་	PART
འགྱུར་བ་	འགྱུར་བ་	VERB
ཡིན་	ཡིན་	NO_POS
།		PUNCT
ཤྲཱི་		NON_WORD
ནི་	ནི་	NO_POS
གཉིས་	གཉིས་	NUM
སུ་	སུ་	ADP
མེད་པ་	མེད་པ་	VERB
འི་	གི་	PART
ཡེ་ཤེས་	ཡེ་ཤེས་	NOUN
རྣམ་པ་	རྣམ་པ་	NOUN
ར་	ལ་	PART
ཐར་པ་	ཐར་པ་	VERB
འི་	གི་	PART
སྒོ་	སྒོ་	NOUN
མངོན་པ་	མངོན་པ་	OTHER
འདུས་མ་བྱས་	འདུས་མ་བྱས་	NO_POS
ཉིད་	ཉིད་	DET
ཏེ་	སྟེ་	PART
།		PUNCT
ཧེ་	ཧེ་	INTJ
ནི་	ནི་	NO_POS
ཧེ་	ཧེ་	INTJ
ཏུ་	ལ་	PART
ཤཱུ་		NON_WORD
ནྱ་	ནྱ་	NO_POS
ཏཱ་	ཏཱ་	NO_POS
རྒྱུ་	རྒྱུ་	NOUN
སོགས་	སོགས་	DET
སྟོང་པ་ཉིད་	སྟོང་པ་ཉིད་	NOUN
དེ་	དེ་	DET
རྣམ་པ་	རྣམ་པ་	NOUN
ར་	ལ་	PART
ཐར་པ་	ཐར་པ་	VERB
འི་	གི་	PART
སྒོ་	སྒོ་	NOUN
སྟོང་པ་ཉིད་	སྟོང་པ་ཉིད་	NOUN
དང་	དང་	NO_POS
།		PUNCT
རུནི་		NON_WORD
རུ་	ལ་	PART
རཱུ་པ་	རཱུ་པ་	NON_WORD
ཀ་	ཀ་	DET
ཤཱུ་		NON_WORD
ནྱ་	ནྱ་	NO_POS
ཏཱ་	ཏཱ་	NO_POS
གཟུགས་	གཟུགས་	NOUN
སམ་	གམ་	PART
ཚོགས་པ་	ཚོགས་པ་	VERB
དང་	དང་	NO_POS
བྲལ་བ་	བྲལ་བ་	VERB
སྟེ་	སྟེ་	PART
སྨོན་པ་	སྨོན་པ་	VERB
མེད་པ་	མེད་པ་	VERB
ཉིད་	ཉིད་	DET
།		PUNCT
ཀ་ནི་ཀ་	ཀ་ནི་ཀ་	PROPN
ཀྭ་		NON_WORD
ཙི་ཏ་	ཙི་ཏ་	NO_POS
ཤཱུ་		NON_WORD
ནྱ་	ནྱ་	NO_POS
ཏཱ་	ཏཱ་	NO_POS
རབ་ཏུ་	རབ་ཏུ་	NO_POS
མི་	མི་	PART
གནས་པ་	གནས་པ་	VERB
སྟེ་	སྟེ་	PART
མཚན་མ་	མཚན་མ་	NOUN
མེད་པ་	མེད་པ་	VERB
འོ་	གོ་	PART
"༑

༑"		PUNCT
གང་	གང་	NO_POS
དུའང་		NON_WORD
མི་	མི་	PART
གནས་པ་	གནས་པ་	VERB
འོ་	གོ་	PART
། ༈ །		PUNCT
རྡོ་རྗེ་	རྡོ་རྗེ་	NOUN
སྟོང་པ་	སྟོང་པ་	VERB
ཐོད་པ་	ཐོད་པ་	NOUN
བདེ་སྐྱོང་བ་	བདེ་སྐྱོང་བ་	OTHER
འི་	གི་	PART
སྦྱོར་བ་	སྦྱོར་བ་	VERB
ཟུང་འཇུག་	ཟུང་འཇུག་	NOUN
ལ་	ལ་	ADP
ས་	གིས་	PART
།		PUNCT
མི་	མི་	PART
རྟ་	རྟ་	NOUN
བ་གླང་	བ་གླང་	NOUN
ལ་སོགས་པ་	ལ་སོགས་པ་	NO_POS
འི་	གི་	PART
སྐྱེ་བོ་	སྐྱེ་བོ་	NOUN
གང་དང་གང་	གང་དང་གང་	NO_POS
རྣམས་	རྣམས་	DET
ཀྱི་	གི་	PART
།		PUNCT
ཤ་	ཤ་	NOUN
ནི་	ནི་	NO_POS
མཁས་པ་	མཁས་པ་	VERB
ས་	གིས་	PART
ཁ་ཟས་	ཁ་ཟས་	NOUN
ཀྱི་	གི་	PART
རྣལ་འབྱོར་	རྣལ་འབྱོར་	NOUN
དང་	དང་	NO_POS
ལྡན་པ་	ལྡན་པ་	VERB
ས་	གིས་	PART
བཟའ་བ་	བཟའ་བ་	VERB
ར་	ལ་	PART
བྱ་བ་	བྱ་བ་	VERB
ཡིན་པ་	ཡིན་པ་	AUX
ས་	གིས་	PART
ཟོ་	ཟོ་	VERB
ན་	ན་	ADP
།		PUNCT
སེམས་ཅན་	སེམས་ཅན་	NOUN
ཕལ་པ་	ཕལ་པ་	NOUN
དང་	དང་	NO_POS
དཔའ་བོ་	དཔའ་བོ་	NOUN
དང་	དང་	NO_POS
རྣལ་འབྱོར་	རྣལ་འབྱོར་	NOUN
མ་	མ་	PART
དེ་	དེ་	DET
དང་	དང་	NO_POS
དེ་	དེ་	DET
བདག་	བདག་	PRON
གི་	གི་	PART
དབང་	དབང་	NOUN
དུ་	ལ་	PART
འགྱུར་	འགྱུར་	VERB
རོ་	རོ་	NOUN
གྲོག་	གྲོག་	NOUN
ངོ་	ངོ་	PART
ཤེས་པ་	ཤེས་པ་	VERB
ར་	ལ་	PART
བྱེད་པ་	བྱེད་པ་	VERB
བརྡ་	བརྡ་	NOUN
དང་	དང་	NO_POS
གནས་	གནས་	NOUN
གཏན་	གཏན་	NOUN
ལ་	ལ་	ADP
དབབ་པ་	དབབ་པ་	VERB
འི་	གི་	PART
ལེའུ་	ལེའུ་	NOUN
ཤོ་ལོ་	ཤོ་ལོ་	NO_POS
ཀ་	ཀ་	DET
སུམ་ཅུ་	སུམ་ཅུ་	OTHER
སོ་	སོ་	PART
བདུན་	བདུན་	NUM
ནོ་	གོ་	PART
སྟེ་	སྟེ་	PART
བདུན་པ་	བདུན་པ་	NUM
འོ་	གོ་	PART
།། ༈		PUNCT
དེ་ནས་	དེ་ནས་	NO_POS
ལྷ་མོ་	ལྷ་མོ་	NOUN
རྣལ་འབྱོར་	རྣལ་འབྱོར་	NOUN
མ་	མ་	PART
བཅོ་ལྔ་	བཅོ་ལྔ་	NO_POS
འི་	གི་	PART
དཀྱིལ་འཁོར་	དཀྱིལ་འཁོར་	NOUN
གྱི་	གི་	PART
འཁོར་ལོ་	འཁོར་ལོ་	NOUN
བསྒོམ་པ་	བསྒོམ་པ་	VERB
འི་	གི་	PART
ལེའུ་	ལེའུ་	NOUN
བཤད་པ་	བཤད་པ་	VERB
ར་	ལ་	PART
བྱ་	བྱ་	VERB
འོ་	གོ་	PART
། ༈ །		PUNCT
བསྲུང་	བསྲུང་	NO_POS
འཁོར་	འཁོར་	NOUN
གྱི་	གི་	PART
ནང་	ནང་	NOUN
ནམ་མཁ་	ནམ་མཁའ་	NOUN
འི་	གི་	PART
ཁམས་	ཁམས་	NOUN
སུ་	སུ་	ADP
ཆོས་འབྱུང་	ཆོས་འབྱུང་	NOUN
བྷ་	བྷ་	NO_POS
ག་	ག་	PRON
གྲུ་གསུམ་པ་	གྲུ་གསུམ་པ་	NOUN
བསམ་	བསམ་	NOUN
།		PUNCT
དེ་	དེ་	DET
འི་	གི་	PART
དབུ་	དབུ་	NOUN
སུ་	སུ་	ADP
རྣམ་པ་	རྣམ་པ་	NOUN
ར་	ལ་	PART
བསྒོམ་པ་	བསྒོམ་པ་	VERB
ནི་	ནི་	NO_POS
།		PUNCT
རྟེན་	རྟེན་	NOUN
གྱི་	གི་	PART
དཀྱིལ་འཁོར་	དཀྱིལ་འཁོར་	NOUN
གྱི་	གི་	PART
འཁོར་ལོ་	འཁོར་ལོ་	NOUN
ལྷ་	ལྷ་	NOUN
འི་	གི་	PART
སྔོན་	སྔོན་	ADV
དུ་	ལ་	PART
ཅི་	ཅི་	NO_POS
ལྟ་	ལྟ་	OTHER
རིགས་པ་	རིགས་པ་	VERB
ར་	ལ་	PART
བཞིན་	བཞིན་	NOUN
བསྐྱེད་	བསྐྱེད་	VERB
ན་	ནས་	PART
།		PUNCT
དེ་	དེ་	DET
འི་	གི་	PART
ནང་	ནང་	NOUN
ལྷ་མོ་	ལྷ་མོ་	NOUN
བཅོ་ལྔ་པོ་	བཅོ་ལྔ་པོ་	NO_POS
རྣམས་	རྣམས་	DET
ཇི་ལྟ་		
འབྱུང་བ་	འབྱུང་བ་	VERB
ཉིད་	ཉིད་	DET
དུ་	ལ་	PART
བསྒོམ་	བསྒོམ་	VERB
མོ་	མོ་	PRON
།། ༈		PUNCT
བྷྲུྃ་		NON_WORD
ལ་	ལ་	ADP
ས་	གིས་	PART
འཁོར་ལོ་	འཁོར་ལོ་	NOUN
ལཾ་		NON_WORD
ལ་	ལ་	ADP
ས་	གིས་	PART
ས་	ས་	ADP
དང་	དང་	NO_POS
བཾ་		NON_WORD
ལ་	ལ་	ADP
ས་	གིས་	PART
ཆུ་	ཆུ་	NOUN
ནི་	ནི་	NO_POS
ས་	ས་	ADP
འི་	གི་	PART
།		PUNCT
སྔོན་	སྔོན་	ADV
ཏེ་	སྟེ་	PART
འོག་	འོག་	NOUN
ཏུ་	ལ་	PART
བསྒོམ་	བསྒོམ་	VERB
༑		PUNCT
གང་	གང་	NO_POS
དུ་	ལ་	PART
འདུ་བ་	འདུ་བ་	VERB
རིམ་པ་	རིམ་པ་	NOUN
དེ་བཞིན་	དེ་བཞིན་	OTHER
དུ་	ལ་	PART
ཇི་ལྟ་		
རིགས་པ་	རིགས་པ་	VERB
ར་	ལ་	PART
ཆུ་	ཆུ་	NOUN
འི་	གི་	PART
འོག་	འོག་	NOUN
ཏུ་	ལ་	PART
རཾ་		NON_WORD
ལ་	ལ་	ADP
ས་	གིས་	PART
བྱིན་ཟ་	བྱིན་ཟ་	NOUN
མེ་	མེ་	NOUN
དང་	དང་	NO_POS
༑		PUNCT
ལྷ་	ལྷ་	NOUN
རྣམས་	རྣམས་	DET
ཀྱི་	གི་	PART
ནི་	ནི་	NO_POS
རྟེན་	རྟེན་	NOUN
གཞལ་ཡས་	གཞལ་ཡས་	ADJ
ཁང་	ཁང་	NOUN
བསྐྱེད་པ་	བསྐྱེད་པ་	VERB
འི་	གི་	PART
རྒྱུ་	རྒྱུ་	NOUN
ཡཾ་		NON_WORD
ལ་	ལ་	ADP
ས་	གིས་	PART
རླུང་	རླུང་	NOUN
ཆེན་	ཆེན་	NO_POS
ཏེ་	སྟེ་	PART
རྒྱུ་	རྒྱུ་	NOUN
འི་	གི་	PART
ཡན་ལག་	ཡན་ལག་	NOUN
དང་	དང་	NO_POS
༑		PUNCT
དེ་	དེ་	DET
ལ་	ལ་	ADP
ཇི་ལྟ་		
སྒོམ་པ་པོ་	སྒོམ་པ་པོ་	VERB
འི་	གི་	PART
སེམས་	སེམས་	NOUN
འདྲེས་པ་	འདྲེས་པ་	VERB
འི་	གི་	PART
རྐྱེན་	རྐྱེན་	NOUN
གྱི་	གི་	PART
ཡན་ལག་	ཡན་ལག་	NOUN
འབྱུང་བ་	འབྱུང་བ་	VERB
འང་	ཀྱང་	PART
།		PUNCT
གཞི་	གཞི་	NOUN
འི་	གི་	PART
ཡན་ལག་	ཡན་ལག་	NOUN
ཨེ་	ཨེ་	PART
ལ་	ལ་	ADP
ས་	གིས་	PART
ཆོས་འབྱུང་	ཆོས་འབྱུང་	NOUN
གྲུ་གསུམ་པ་	གྲུ་གསུམ་པ་	NOUN
འི་	གི་	PART
ནང་	ནང་	NOUN
དུ་	ལ་	PART
འབྱུང་བ་	འབྱུང་བ་	VERB
བཞི་	བཞི་	NUM
ལ་	ལ་	ADP
ས་	གིས་	PART
སྐྱེས་པ་	སྐྱེས་པ་	VERB
འི་	གི་	PART
དཀྱིལ་འཁོར་	དཀྱིལ་འཁོར་	NOUN
གྱི་	གི་	PART
འཁོར་ལོ་	འཁོར་ལོ་	NOUN
བསྒོམ་པ་	བསྒོམ་པ་	VERB
ཉིད་	ཉིད་	DET
དོ་	གོ་	PART
། །		PUNCT
གཞལ་ཡས་	གཞལ་ཡས་	ADJ
ཁང་	ཁང་	NOUN
གི་	གི་	PART
ནང་	ནང་	NOUN
དུ་	ལ་	PART
པདྨ་	པདྨ་	NOUN
འདབ་མ་	འདབ་མ་	NOUN
ཉིས་བརྩེགས་པ་	ཉིས་བརྩེགས་པ་	NO_POS
འི་	གི་	PART
འཕར་མ་	འཕར་མ་	NO_POS
གཉིས་	གཉིས་	NUM
མི་	མི་	PART
ཡོ་བ་	ཡོ་བ་	NO_POS
ས་	གིས་	PART
དག་	དག་	DET
ཞིག་རལ་	ཞིག་རལ་	NO_POS
མེད་པ་	མེད་པ་	VERB
ས་	གིས་	PART
སྐྱོན་མེད་པ་	སྐྱོན་མེད་པ་	ADJ
།		PUNCT
ཡུམ་	ཡུམ་	NOUN
གྱི་	གི་	PART
བྷ་	བྷ་	NO_POS
ག་	ག་	PRON
འི་	གི་	PART
ཟེའུ་འབྲུ་	ཟེའུ་འབྲུ་	NOUN
ལ་	ལ་	ADP
ས་	གིས་	PART
ནི་	ནི་	NO_POS
ནང་	ནང་	NOUN
གི་	གི་	PART
འཕར་མ་	འཕར་མ་	NO_POS
གཅིག་	གཅིག་	NUM
ཏུ་	ལ་	PART
འགྱུར་	འགྱུར་	VERB
ཏེ་	སྟེ་	PART
།		PUNCT
བྷ་	བྷ་	NO_POS
ག་	ག་	PRON
འི་	གི་	PART
ངོ་བོ་	ངོ་བོ་	NOUN
གྲུ་གསུམ་	གྲུ་གསུམ་	NOUN
གྱིས་	གིས་	PART
ནི་	ནི་	NO_POS
ཕྱི་	ཕྱི་	NOUN
འི་	གི་	PART
འཕར་མ་	འཕར་མ་	NO_POS
ར་	ལ་	PART
བརྗོད་	བརྗོད་	VERB
དོ་	གོ་	PART
།།		PUNCT
གཞལ་ཡས་	གཞལ་ཡས་	ADJ
ཁང་	ཁང་	NOUN
དེ་	དེ་	DET
དབུ་	དབུ་	NOUN
སུ་	སུ་	ADP
ཤི་བ་	ཤི་བ་	VERB
རོ་	རོ་	NOUN
བཅོ་ལྔ་	བཅོ་ལྔ་	NO_POS
ཡི་	ཡི་	ADP
།		PUNCT
གདན་	གདན་	NOUN
གྱི་	གི་	PART
བདག་ཉིད་	བདག་ཉིད་	NOUN
རྣམ་པ་	རྣམ་པ་	NOUN
ར་	ལ་	PART
བསམ་	བསམ་	NOUN
༑ ༈		PUNCT
གདན་	གདན་	NOUN
དེ་	དེ་	DET
རྣམས་	རྣམས་	DET
ཀྱི་	གི་	PART
ཡི་	ཡི་	ADP
སྟེང་	སྟེང་	NOUN
དུ་	ལ་	PART
ཟླ་བ་	ཟླ་བ་	NOUN
བཅོ་ལྔ་	བཅོ་ལྔ་	NO_POS
སྐད་ཅིག་	སྐད་ཅིག་	OTHER
གིས་	གིས་	PART
བསྒོམ་པ་	བསྒོམ་པ་	VERB
ཡིན་	ཡིན་	NO_POS
།		PUNCT
ཟླ་བ་	ཟླ་བ་	NOUN
བཅོ་ལྔ་པོ་	བཅོ་ལྔ་པོ་	NO_POS
འི་	གི་	PART
སྟེང་	སྟེང་	NOUN
དུ་	ལ་	PART
ལྷ་མོ་	ལྷ་མོ་	NOUN
བཅོ་ལྔ་	བཅོ་ལྔ་	NO_POS
འི་	གི་	PART
ས་བོན་	ས་བོན་	NOUN
བཅོ་ལྔ་	བཅོ་ལྔ་	NO_POS
ཉིད་	ཉིད་	DET
བསྒོམ་	བསྒོམ་	VERB
།		PUNCT
ཕྱི་	ཕྱི་	NOUN
ན་	ནས་	PART
དྲང་སྲོང་	དྲང་སྲོང་	NOUN
བདུད་	བདུད་	NOUN
ལ་	ལ་	ADP
ས་	གིས་	PART
རྒྱལ་བ་	རྒྱལ་བ་	NOUN
འི་	གི་	PART
བུ་	བུ་	NOUN
གྱུར་པ་	གྱུར་པ་	VERB
ས་	གིས་	PART
ཉི་མ་	ཉི་མ་	NOUN
འི་	གི་	PART
དཀྱིལ་འཁོར་	དཀྱིལ་འཁོར་	NOUN
བཅོ་ལྔ་	བཅོ་ལྔ་	NO_POS
ས་	གིས་	PART
མནན་	མནན་	VERB
།		PUNCT
སྟེང་འོག་	སྟེང་འོག་	NOUN
གི་	གི་	PART
ཉི་ཟླ་	ཉི་ཟླ་	NOUN
གཉིས་	གཉིས་	NUM
དབུ་	དབུ་	NOUN
ཀྱི་	གི་	PART
ས་བོན་	ས་བོན་	NOUN
ལ་	ལ་	ADP
འདུས་པ་	འདུས་པ་	VERB
ལ་	ལ་	ADP
ས་	གིས་	PART
བྱུང་བ་	བྱུང་བ་	VERB
འི་	གི་	PART
བདེ་བ་	བདེ་བ་	VERB
ཆེན་པོ་	ཆེན་པོ་	ADJ
ལྷ་མོ་	ལྷ་མོ་	NOUN
བཅོ་ལྔ་	བཅོ་ལྔ་	NO_POS
འི་	གི་	PART
སྐུ་	སྐུ་	NOUN
ཉིད་	ཉིད་	DET
བསྒོམ་	བསྒོམ་	VERB
མོ་	མོ་	PRON
། །		PUNCT
ཨཱ་ལི་	ཨཱ་ལི་	NOUN
ཀཱ་ལི་	ཀཱ་ལི་	OTHER
ལ་མ་	ལ་མ་	NO_POS
ལྟོས་པ་	ལྟོས་པ་	VERB
འི་	གི་	PART
མངོན་བྱང་	མངོན་བྱང་	NO_POS
ངོ་	ངོ་	PART
། ༈ །		PUNCT
གདན་	གདན་	NOUN
བཅོ་ལྔ་	བཅོ་ལྔ་	NO_POS
འི་	གི་	PART
སྟེང་	སྟེང་	NOUN
དུ་	ལ་	PART
ཨཱ་ལི་	ཨཱ་ལི་	NOUN
བཅོ་ལྔ་	བཅོ་ལྔ་	NO_POS
ཟླ་བ་	ཟླ་བ་	NOUN
འི་	གི་	PART
གཟུགས་	གཟུགས་	NOUN
ཀྱིས་	གིས་	PART
གནས་	གནས་	NOUN
༑		PUNCT
དེ་	དེ་	DET
འི་	གི་	PART
སྟེང་	སྟེང་	NOUN
དུ་	ལ་	PART
ཀཱ་ལི་	ཀཱ་ལི་	OTHER
འི་	གི་	PART
གཟུགས་	གཟུགས་	NOUN
ཕྲག་	ཕྲག་	NUM
གཉིས་པ་	གཉིས་པ་	NUM
བཅོ་ལྔ་	བཅོ་ལྔ་	NO_POS
ལ་	ལ་	ADP
ས་	གིས་	PART
ཀྱིས་	གིས་	PART
སྣང་བྱེད་	སྣང་བྱེད་	PROPN
དོ་	གོ་	PART
ཉི་མ་	ཉི་མ་	NOUN
བཅོ་ལྔ་	བཅོ་ལྔ་	NO_POS
བསྒོམ་	བསྒོམ་	VERB
།		PUNCT
ཟླ་བ་	ཟླ་བ་	NOUN
ཉི་མ་	ཉི་མ་	NOUN
དབུ་	དབུ་	NOUN
ཀྱི་	གི་	PART
ས་བོན་	ས་བོན་	NOUN
ལ་	ལ་	ADP
འདུས་པ་	འདུས་པ་	VERB
ལ་	ལ་	ADP
ས་	གིས་	PART
།		PUNCT
དཀར་མོ་	དཀར་མོ་	ADJ
ལ་སོགས་པ་	ལ་སོགས་པ་	NO_POS
ལྷ་མོ་	ལྷ་མོ་	NOUN
བཅོ་ལྔ་	བཅོ་ལྔ་	NO_POS
བསྐྱེད་པ་	བསྐྱེད་པ་	VERB
ར་	ལ་	PART
རབ་ཏུ་	རབ་ཏུ་	NO_POS
གྲགས་པ་	གྲགས་པ་	VERB
ནི་	ནི་	NO_POS
ཨཱ་ལི་	ཨཱ་ལི་	NOUN
ཀཱ་ལི་	ཀཱ་ལི་	OTHER
ལ་	ལ་	ADP
ལྟོས་པ་	ལྟོས་པ་	VERB
འི་	གི་	PART
མངོན་བྱང་	མངོན་བྱང་	NO_POS
ངོ་	ངོ་	PART
།། ༈		PUNCT
ཨཱ་ལི་	ཨཱ་ལི་	NOUN
ལ་	ལ་	ADP
ས་	གིས་	PART
ཟླ་བ་	ཟླ་བ་	NOUN
མེ་ལོང་	མེ་ལོང་	NOUN
ལྟ་བུ་	ལྟ་བུ་	NOUN
འི་	གི་	PART
ཡེ་ཤེས་	ཡེ་ཤེས་	NOUN
སུ་	སུ་	ADP
བསྒོམ་	བསྒོམ་	VERB
ལྡན་	ལྡན་	VERB
།		PUNCT
ཀཱ་ལི་	ཀཱ་ལི་	OTHER
ལ་	ལ་	ADP
ས་	གིས་	PART
ཉི་མ་	ཉི་མ་	NOUN
བདུན་	བདུན་	NUM
གྱི་	གི་	PART
བདུན་པ་	བདུན་པ་	NUM
ཤིང་རྟ་	ཤིང་རྟ་	NOUN
བདུན་	བདུན་	NUM
གྱིས་	གིས་	PART
ཉི་མ་	ཉི་མ་	NOUN
དྲངས་	དྲངས་	NO_POS
ཤིང་	ཅིང་	PART
།		PUNCT
ཤིང་རྟ་	ཤིང་རྟ་	NOUN
རེ་	རེ་	DET
ལ་	ལ་	ADP
རྟ་	རྟ་	NOUN
བདུན་	བདུན་	NUM
ཡོད་པ་	ཡོད་པ་	VERB
ས་	གིས་	PART
སོ་	སོ་	PART
། །		PUNCT
མཉམ་པ་ཉིད་	མཉམ་པ་ཉིད་	NOUN
ཀྱི་	གི་	PART
ཡེ་ཤེས་	ཡེ་ཤེས་	NOUN
དང་	དང་	NO_POS
ལྡན་	ལྡན་	VERB
།		PUNCT
ཉི་ཟླ་	ཉི་ཟླ་	NOUN
འི་	གི་	PART
བ་	བ་	NOUN
དུ་	ལ་	PART
རང་	རང་	PRON
གི་	གི་	PART
ལྷ་	ལྷ་	NOUN
འི་	གི་	PART
ས་བོན་	ས་བོན་	NOUN
ལ་	ལ་	ADP
ས་	གིས་	PART
ཕྱག་མཚན་	ཕྱག་མཚན་	NOUN
གྲི་གུག་	གྲི་གུག་	NOUN
བསྐྱེད་པ་	བསྐྱེད་པ་	VERB
ནི་	ནི་	NO_POS
། །		PUNCT
སོ་སོ་	སོ་སོ་	PRON
ར་	ལ་	PART
རྟོག་པ་	རྟོག་པ་	VERB
ར་	ལ་	PART
བརྗོད་པ་	བརྗོད་པ་	VERB
ར་	ལ་	PART
བྱ་པ་	བྱ་པ་	NOUN
འི་	གི་	PART
ཡེ་ཤེས་	ཡེ་ཤེས་	NOUN
སུ་	སུ་	ADP
།		PUNCT
ཉི་ཟླ་	ཉི་ཟླ་	NOUN
ཕྱག་མཚན་	ཕྱག་མཚན་	NOUN
ཐམས་ཅད་	ཐམས་ཅད་	DET
གཅིག་	གཅིག་	NUM
ཏུ་	ལ་	PART
གྱུར་བ་	གྱུར་བ་	VERB
བྱ་བ་	བྱ་བ་	VERB
ནན་ཏན་	ནན་ཏན་	NOUN
གྱི་	གི་	PART
ཡེ་ཤེས་	ཡེ་ཤེས་	NOUN
ཉིད་	ཉིད་	DET
།		PUNCT
དེ་ལས་	དེ་ལས་	NO_POS
ལྷ་མོ་	ལྷ་མོ་	NOUN
བཅོ་ལྔ་	བཅོ་ལྔ་	NO_POS
འི་	གི་	PART
སྐུ་	སྐུ་	NOUN
རྫོགས་པ་	རྫོགས་པ་	VERB
ར་	ལ་	PART
བསྒོམ་པ་	བསྒོམ་པ་	VERB
ནི་	ནི་	NO_POS
ཆོ་	ཆོ་	NOUN
ཀྱི་	གི་	PART
དབྱིངས་	དབྱིངས་	NOUN
ཀྱི་	གི་	PART
ཡེ་ཤེས་	ཡེ་ཤེས་	NOUN
དག་པ་	དག་པ་	VERB
སྟེ་	སྟེ་	PART
།		PUNCT
མཁས་པ་	མཁས་པ་	VERB
ས་	གིས་	PART
སངས་རྒྱས་	སངས་རྒྱས་	NOUN
ལྷ་	ལྷ་	NOUN
འི་	གི་	PART
བསྐྱེད་	བསྐྱེད་	VERB
ཆོག་	ཆོག་	VERB
གི་	གི་	PART
ཆོ་ག་	ཆོ་ག་	NOUN
གསུངས་པ་	གསུངས་པ་	VERB
ཡི་	ཡི་	ADP
ཚུལ་	ཚུལ་	NOUN
གྱིས་	གིས་	PART
།		PUNCT
མངོན་བྱང་	མངོན་བྱང་	NO_POS
རྣམ་པ་	རྣམ་པ་	NOUN
ལྔ་པོ་	ལྔ་པོ་	NUM
བསྒོམ་པ་	བསྒོམ་པ་	VERB
ཉིད་	ཉིད་	DET
དེ་	དེ་	DET
ལྷ་མོ་	ལྷ་མོ་	NOUN
རྣམས་	རྣམས་	DET
ཀྱི་	གི་	PART
མངོན་བྱང་	མངོན་བྱང་	NO_POS
ངོ་	ངོ་	PART
། །		PUNCT
ཨཱ་ལི་	ཨཱ་ལི་	NOUN
ཀཱ་ལི་	ཀཱ་ལི་	OTHER
ལ་	ལ་	ADP
ས་	གིས་	PART
ཟླ་བ་	ཟླ་བ་	NOUN
འི་	གི་	PART
དཀྱིལ་འཁོར་	དཀྱིལ་འཁོར་	NOUN
གྲུ་གསུམ་པ་	གྲུ་གསུམ་པ་	NOUN
གཉིས་	གཉིས་	NUM
མཉམ་པ་	མཉམ་པ་	VERB
ར་	ལ་	PART
སྦྱོར་བ་	སྦྱོར་བ་	VERB
ས་	གིས་	PART
།		PUNCT
རྒྱུ་	རྒྱུ་	NOUN
རྡོ་རྗེ་	རྡོ་རྗེ་	NOUN
སེམས་དཔའ་	སེམས་དཔའ་	NOUN
ཉིད་	ཉིད་	DET
ཀྱི་	གི་	PART
བསྐྱེད་པ་	བསྐྱེད་པ་	VERB
འི་	གི་	PART
རྒྱུ་	རྒྱུ་	NOUN
ཡིན་པ་	ཡིན་པ་	AUX
ས་	གིས་	PART
གདན་	གདན་	NOUN
ནོ་	གོ་	PART
། །		PUNCT
ཟླ་བ་	ཟླ་བ་	NOUN
འི་	གི་	PART
སྟེང་	སྟེང་	NOUN
དུ་	ལ་	PART
ཡི་གེ་	ཡི་གེ་	NOUN
ཧཱུྃ་		NON_WORD
ལ་	ལ་	ADP
ས་	གིས་	PART
བྱུང་བ་	བྱུང་བ་	VERB
འི་	གི་	PART
གོང་བུ་	གོང་བུ་	OTHER
ཕྱག་མཚན་	ཕྱག་མཚན་	NOUN
རྡོ་རྗེ་	རྡོ་རྗེ་	NOUN
ལ་	ལ་	ADP
༑		PUNCT
ཧཱུྃ་		NON_WORD
ཕཊ་		NON_WORD
མཚན་པ་	མཚན་པ་	VERB
འི་	གི་	PART
ཡི་གེ་	ཡི་གེ་	NOUN
འི་	གི་	PART
རྣམ་པ་	རྣམ་པ་	NOUN
འང་	ཀྱང་	PART
འདོད་	འདོད་	VERB
མི་	མི་	PART
བྱ་	བྱ་	VERB
།		PUNCT
རྡོ་རྗེ་	རྡོ་རྗེ་	NOUN
སེམས་དཔའ་	སེམས་དཔའ་	NOUN
དང་	དང་	NO_POS
འདྲ་བ་	འདྲ་བ་	VERB
དེ་	དེ་	DET
འི་	གི་	PART
གཟུགས་བརྙན་	གཟུགས་བརྙན་	NOUN
རྡོ་རྗེ་	རྡོ་རྗེ་	NOUN
དང་	དང་	NO_POS
ཟླ་བ་	ཟླ་བ་	NOUN
ཉིས་བརྩེགས་	ཉིས་བརྩེགས་	NO_POS
ལ་	ལ་	ADP
ས་	གིས་	PART
བྱུང་བ་	བྱུང་བ་	VERB
འི་	གི་	PART
། །		PUNCT
དཀྱིལ་འཁོར་	དཀྱིལ་འཁོར་	NOUN
གྱི་	གི་	PART
བདག་པོ་	བདག་པོ་	NOUN
རྒྱུ་	རྒྱུ་	NOUN
རྡོ་རྗེ་	རྡོ་རྗེ་	NOUN
འཛིན་པ་	འཛིན་པ་	VERB
རྣམ་པ་	རྣམ་པ་	NOUN
ར་	ལ་	PART
བསྒོམ་	བསྒོམ་	VERB
།		PUNCT
དེ་	དེ་	DET
འི་	གི་	PART
ཕྱག་མཚན་	ཕྱག་མཚན་	NOUN
དང་	དང་	NO_POS
ཞལ་ལ་	ཞལ་ལ་	NO_POS
སོགས་པ་	སོགས་པ་	DET
གོང་མ་	གོང་མ་	ADJ
ལེའུ་	ལེའུ་	NOUN
གཉིས་པ་	གཉིས་པ་	NUM
དང་	དང་	NO_POS
གསུམ་པ་	གསུམ་པ་	NUM
འི་	གི་	PART
སྐབས་	སྐབས་	NOUN
བཞིན་	བཞིན་	NOUN
བསྒོམ་	བསྒོམ་	VERB
།		PUNCT
འོན་ཀྱང་	འོན་ཀྱང་	NO_POS
ཁ་དོག་	ཁ་དོག་	NOUN
ཟླ་བ་	ཟླ་བ་	NOUN
ལྟ་	ལྟ་	OTHER
དཀར་ཆུ་	དཀར་ཆུ་	NO_POS
ཤེལ་	ཤེལ་	NOUN
ལྟ་	ལྟ་	OTHER
གསལ་	གསལ་	VERB
ནོར་བུ་	ནོར་བུ་	NOUN
ལྟརའི་		NON_WORD
འོད་འཕྲོ་བ་	འོད་འཕྲོ་བ་	NO_POS
འོ་	གོ་	PART
། ༈ །		PUNCT
དེ་	དེ་	DET
འི་	གི་	PART
འཁོར་ལྷ་	འཁོར་ལྷ་	NO_POS
མོ་	མོ་	PRON
རྣམས་	རྣམས་	DET
ཐབས་	ཐབས་	NOUN
དང་	དང་	NO_POS
ཉྀ་		NON_WORD
མ་	མ་	PART
ཤེས་རབ་	ཤེས་རབ་	NOUN
ཟླ་བ་	ཟླ་བ་	NOUN
འི་	གི་	PART
རང་བཞིན་	རང་བཞིན་	NOUN
གྱི་	གི་	PART
མངོན་བྱང་	མངོན་བྱང་	NO_POS
ལ་	ལ་	ADP
ས་	གིས་	PART
།		PUNCT
གོང་	གོང་	NOUN
ལྷ་མོ་	ལྷ་མོ་	NOUN
བཅོ་ལྔ་	བཅོ་ལྔ་	NO_POS
འི་	གི་	PART
སྐབས་	སྐབས་	NOUN
འདི་ལྟར་	འདི་ལྟར་	NO_POS
འཁོར་	འཁོར་	NOUN
གྱི་	གི་	PART
ལྷ་མོ་	ལྷ་མོ་	NOUN
ཐམས་ཅད་	ཐམས་ཅད་	DET
རྫོགས་པ་	རྫོགས་པ་	VERB
ར་	ལ་	PART
བསྒོམ་པ་	བསྒོམ་པ་	VERB
ཉིད་	ཉིད་	DET
།		PUNCT
ཟླ་བ་	ཟླ་བ་	NOUN
དང་	དང་	NO_POS
ཉི་མ་	ཉི་མ་	NOUN
ཁ་སྦྱོར་བ་	ཁ་སྦྱོར་བ་	OTHER
མི་	མི་	PART
མཉམ་	མཉམ་	VERB
སྦྱོར་	སྦྱོར་	VERB
གྱི་	གི་	PART
རབ་	རབ་	ADV
དབྱེ་	དབྱེ་	VERB
ལ་	ལ་	ADP
ས་	གིས་	PART
བསྐྱེད་	བསྐྱེད་	VERB
ལ་	ལ་	ADP
།		PUNCT
ཨཱ་ལི་	ཨཱ་ལི་	NOUN
ལ་	ལ་	ADP
ས་	གིས་	PART
ཟླ་བ་	ཟླ་བ་	NOUN
ནི་	ནི་	NO_POS
ཤེས་རབ་	ཤེས་རབ་	NOUN
དང་	དང་	NO_POS
ཀཱ་ལི་	ཀཱ་ལི་	OTHER
ལ་	ལ་	ADP
ས་	གིས་	PART
ཉི་མ་	ཉི་མ་	NOUN
ནི་	ནི་	NO_POS
ཐབས་	ཐབས་	NOUN
སོ་	སོ་	PART
། །		PUNCT
མངོན་བྱང་	མངོན་བྱང་	NO_POS
འདི་	འདི་	DET
ལ་	ལ་	ADP
ས་	གིས་	PART
ལྷ་མོ་	ལྷ་མོ་	NOUN
དཀར་མོ་	དཀར་མོ་	ADJ
ལ་སོགས་པ་	ལ་སོགས་པ་	NO_POS
བསྐྱེད་	བསྐྱེད་	VERB
ལ་	ལ་	ADP
།		PUNCT
དེ་དག་	དེ་དག་	OTHER
གི་	གི་	PART
ཁ་དོག་	ཁ་དོག་	NOUN
གི་	གི་	PART
དབྱེ་བ་	དབྱེ་བ་	VERB
ས་	གིས་	PART
སོ་སོ་	སོ་སོ་	PRON
ར་	ལ་	PART
དབྱེ་བ་	དབྱེ་བ་	VERB
ཡིན་	ཡིན་	NO_POS
ནོ་	གོ་	PART
།། ༈		PUNCT
གོང་	གོང་	NOUN
གི་	གི་	PART
ལྷ་མོ་	ལྷ་མོ་	NOUN
བཅོ་ལྔ་	བཅོ་ལྔ་	NO_POS
འི་	གི་	PART
གནས་	གནས་	NOUN
བསྟན་པ་	བསྟན་པ་	VERB
ས་	གིས་	PART
རེ་ཞིག་	རེ་ཞིག་	NO_POS
ནང་	ནང་	NOUN
གི་	གི་	PART
འཕར་མ་	འཕར་མ་	NO_POS
འི་	གི་	PART
རིམ་པ་	རིམ་པ་	NOUN
ལ་	ལ་	ADP
།		PUNCT
རྣལ་འབྱོར་	རྣལ་འབྱོར་	NOUN
མ་	མ་	PART
ལྔ་	ལྔ་	NUM
ངེས་པ་		
གནས་པ་	གནས་པ་	VERB
ནི་	ནི་	NO_POS
།		PUNCT
ཕུང་པོ་	ཕུང་པོ་	NOUN
ལྔ་	ལྔ་	NUM
དག་པ་	དག་པ་	VERB
ར་	ལ་	PART
བྱེད་པ་	བྱེད་པ་	VERB
ཡི་	ཡི་	ADP
རང་བཞིན་	རང་བཞིན་	NOUN
གྱིས་	གིས་	PART
།		PUNCT
རྣལ་འབྱོར་པ་	རྣལ་འབྱོར་པ་	NOUN
བསྐྱེད་རིམ་	བསྐྱེད་རིམ་	NOUN
གྱི་	གི་	PART
ཚུལ་	ཚུལ་	NOUN
རིག་པ་	རིག་པ་	VERB
ས་	གིས་	PART
རྟག་	རྟག་	VERB
ཏུ་	ལ་	PART
བསྒོམ་	བསྒོམ་	VERB
།		PUNCT
གང་	གང་	NO_POS
དུ་	ལ་	PART
འགོད་	འགོད་	NO_POS
ཚུལ་	ཚུལ་	NOUN
ཡང་	ཀྱང་	PART
དབང་པོ་	དབང་པོ་	NOUN
ར་	ལ་	PART
ཤ་	ཤ་	VERB
དུ་	ལ་	PART
རྡོ་རྗེ་	རྡོ་རྗེ་	NOUN
མ་	མ་	PART
ལྷོ་	ལྷོ་	NOUN
གཤིན་རྗེ་	གཤིན་རྗེ་	OTHER
ར་	ལ་	PART
དཀར་མོ་	དཀར་མོ་	ADJ
།		PUNCT
ནུབ་	ནུབ་	ADV
ཏུ་	ལ་	PART
ཆུ་བདག་	ཆུ་བདག་	NO_POS
ཆུ་	ཆུ་	NOUN
ཡི་	ཡི་	ADP
རྣལ་འབྱོར་	རྣལ་འབྱོར་	NOUN
མ་	མ་	PART
།		PUNCT
བྱང་	བྱང་	NOUN
དུ་	ལ་	PART
ལུས་	ལུས་	NOUN
ངན་	ངན་	VERB
རྡོ་རྗེ་	རྡོ་རྗེ་	NOUN
མཁའ་འགྲོ་	མཁའ་འགྲོ་	NOUN
མ་	མ་	PART
།		PUNCT
དབུ་	དབུ་	NOUN
སུ་	སུ་	ADP
བདག་མེད་	བདག་མེད་	ADJ
རྣལ་འབྱོར་	རྣལ་འབྱོར་	NOUN
མ་	མ་	PART
༑		PUNCT
བསྒོམ་	བསྒོམ་	VERB
མོ་	མོ་	PRON
། །		PUNCT
དེ་ནས་	དེ་ནས་	NO_POS
ཕྱི་རོལ་	ཕྱི་རོལ་	NOUN
གྱི་	གི་	PART
འཕར་མ་	འཕར་མ་	NO_POS
པདྨ་	པདྨ་	NOUN
འི་	གི་	PART
འདབ་མ་	འདབ་མ་	NOUN
ལ་	ལ་	ADP
།		PUNCT
ཤ་	ཤ་	VERB
དུ་	ལ་	PART
དཀར་མོ་	དཀར་མོ་	ADJ
ལྷོ་	ལྷོ་	NOUN
ར་	ལ་	PART
ཆོམ་རྐུན་	ཆོམ་རྐུན་	NOUN
མ་	མ་	PART
ནུབ་	ནུབ་	ADV
ཏུ་	ལ་	PART
རོ་ལངས་	རོ་ལངས་	OTHER
མ་	མ་	PART
།		PUNCT
བྱང་	བྱང་	NOUN
དུ་	ལ་	PART
གྷསྨ་		NON_WORD
རཱི་		NON_WORD
དང་	དང་	NO_POS
བྱང་ཤར་	བྱང་ཤར་	OTHER
དུ་	ལ་	PART
པུཀྐ་		NON_WORD
སཱི་		NON_WORD
།		PUNCT
ཤར་ལྷོ་	ཤར་ལྷོ་	NOUN
ར་	ལ་	PART
རི་ཁྲོད་	རི་ཁྲོད་	NOUN
མ་	མ་	PART
དང་	དང་	NO_POS
ལྷོ་ནུབ་	ལྷོ་ནུབ་	NO_POS
ཏུ་	ལ་	PART
གདོལ་པ་	གདོལ་པ་	NOUN
མོ་	མོ་	PRON
།		PUNCT
བརྒྱད་པ་	བརྒྱད་པ་	NUM
ཌོམྦི་		NON_WORD
ནཱི་		NON_WORD
ནུབ་བྱང་	ནུབ་བྱང་	OTHER
དུ་	ལ་	PART
གནས་པ་	གནས་པ་	VERB
རུ་	ལ་	PART
བརྗོད་	བརྗོད་	VERB
།		PUNCT
ཞལ་	ཞལ་	NOUN
འོག་	འོག་	NOUN
ཏུ་	ལ་	PART
གཟིགས་པ་	གཟིགས་པ་	VERB
དང་	དང་	NO_POS
།		PUNCT
ལྡན་པ་	ལྡན་པ་	VERB
མཁའ་སྤྱོད་	མཁའ་སྤྱོད་	NOUN
མ་	མ་	PART
སྟེང་	སྟེང་	NOUN
དང་	དང་	NO_POS
སྟེང་	སྟེང་	NOUN
དུ་	ལ་	PART
གཟིགས་པ་	གཟིགས་པ་	VERB
དང་	དང་	NO_POS
ལྡན་པ་	ལྡན་པ་	VERB
འི་	གི་	PART
ས་སྤྱོད་	ས་སྤྱོད་	NO_POS
མ་	མ་	PART
འོག་	འོག་	NOUN
ཉིད་	ཉིད་	DET
དེ་	དེ་	DET
།		PUNCT
སྟེང་	སྟེང་	NOUN
མཁའ་	མཁའ་	NOUN
ལ་	ལ་	ADP
སྤྱོད་	སྤྱོད་	VERB
མ་	མ་	PART
འི་	གི་	PART
ཚུལ་	ཚུལ་	NOUN
དང་	དང་	NO_POS
ས་	ས་	ADP
ལ་	ལ་	ADP
སྤྱོད་པ་	སྤྱོད་པ་	VERB
འི་	གི་	PART
ཚུལ་	ཚུལ་	NOUN
བརྗོད་	བརྗོད་	VERB
།		PUNCT
ས་སྤྱོད་	ས་སྤྱོད་	NO_POS
མ་	མ་	OTHER
སྲིད་པ་	སྲིད་པ་	VERB
དང་	དང་	NO_POS
མཁའ་སྤྱོད་	མཁའ་སྤྱོད་	NOUN
མ་	མ་	OTHER
ཞི་བ་	ཞི་བ་	VERB
རྣམ་པ་	རྣམ་པ་	NOUN
ར་	ལ་	PART
དག་པ་	དག་པ་	VERB
འི་	གི་	PART
རང་བཞིན་	རང་བཞིན་	NOUN
གྱིས་	གིས་	PART
།		PUNCT
སྙིང་རྗེ་	སྙིང་རྗེ་	NOUN
ཆེན་པོ་	ཆེན་པོ་	ADJ
ཞེ་	ཅེས་	PART
རྡོ་རྗེ་	རྡོ་རྗེ་	NOUN
སྙིང་པོ་	སྙིང་པོ་	NOUN
ལ་	ལ་	ADP
བོ་	བོ་	VERB
ན་	ནས་	PART
ལྷ་མོ་	ལྷ་མོ་	NOUN
འདི་དག་	འདི་དག་	NO_POS
གནས་	གནས་	NOUN
ཏེ་	སྟེ་	PART
འགོད་	འགོད་	NO_POS
ཚུལ་	ཚུལ་	NOUN
ལོ་	ལོ་	NOUN
།། ༈		PUNCT
ལྷ་མོ་	ལྷ་མོ་	NOUN
ཐམས་ཅད་	ཐམས་ཅད་	DET
ཆོ་	ཆོ་	NOUN
ཀྱི་	གི་	PART
དབྱིངས་	དབྱིངས་	NOUN
ལས་མི་	ལས་མི་	NOUN
འགྱུར་བ་	འགྱུར་བ་	VERB
ས་	གིས་	PART
ཁ་དོག་	ཁ་དོག་	NOUN
ནག་	ནག་	VERB
བདུད་	བདུད་	NOUN
སྐྲག་པ་	སྐྲག་པ་	VERB
ར་	ལ་	PART
བྱེད་པ་	བྱེད་པ་	VERB
ས་	གིས་	PART
དྲག་	དྲག་	VERB
ཆེན་	ཆེན་	NO_POS
ཐབས་	ཐབས་	NOUN
ཀྱི་	གི་	PART
ཕ་རོལ་	ཕ་རོལ་	NOUN
ཏུ་	ལ་	PART
ཕྱིན་པ་	ཕྱིན་པ་	VERB
ལྔ་	ལྔ་	NUM
འི་	གི་	PART
ངོ་བོ་	ངོ་བོ་	NOUN
ཕྱག་རྒྱ་	ཕྱག་རྒྱ་	NOUN
ལྔ་	ལྔ་	NUM
ཡི་	གིས་	PART
བརྒྱན་	བརྒྱན་	VERB
།		PUNCT
དེ་བཞིན་ཉིད་	དེ་བཞིན་ཉིད་	NOUN
དུ་	ལ་	PART
རོ་	རོ་	NOUN
གཅིག་པ་	གཅིག་པ་	ADJ
ས་	གིས་	PART
ཞལ་	ཞལ་	NOUN
གཅིག་	གཅིག་	NUM
སེམས་ཅན་	སེམས་ཅན་	NOUN
གྱི་	གི་	PART
དོན་	དོན་	NOUN
ལ་	ལ་	ADP
རྗེས་སུ་	རྗེས་སུ་	OTHER
ཆགས་པ་	ཆགས་པ་	VERB
ས་	གིས་	PART
སྤྱན་	སྤྱན་	NOUN
ནི་	ནི་	NO_POS
དམར་བ་	དམར་བ་	VERB
རྣམས་	རྣམས་	DET
།		PUNCT
ལག་པ་	ལག་པ་	NOUN
གཡས་པ་	གཡས་པ་	VERB
ར་	ལ་	PART
གྲི་གུག་	གྲི་གུག་	NOUN
དང་	དང་	NO_POS
གཡོན་པ་	གཡོན་པ་	ADJ
ར་	ལ་	PART
ཐོད་པ་	ཐོད་པ་	NOUN
ས་	གིས་	PART
ཁྱབ་	ཁྱབ་	VERB
།		PUNCT
འཁོར་ལོ་	འཁོར་ལོ་	NOUN
རྣ་ཆ་	རྣ་ཆ་	NOUN
མགུལ་རྒྱན་	མགུལ་རྒྱན་	NOUN
དང་	དང་	NO_POS
།		PUNCT
ལག་པ་	ལག་པ་	NOUN
ར་	ལ་	PART
ལག་གདུབ་	ལག་གདུབ་	NO_POS
སྐ་རགས་	སྐ་རགས་	NOUN
ནི་	ནི་	NO_POS
།		PUNCT
དེ་	དེ་	DET
རྣམས་	རྣམས་	DET
སངས་རྒྱས་	སངས་རྒྱས་	NOUN
ལྔ་	ལྔ་	NUM
ནི་	ནི་	NO_POS
རྣམ་པ་	རྣམ་པ་	NOUN
ར་	ལ་	PART
དག་པ་	དག་པ་	VERB
ས་	གིས་	PART
།		PUNCT
ཕྱག་རྒྱ་	ཕྱག་རྒྱ་	NOUN
འདི་	འདི་	DET
ལྔ་	ལྔ་	NUM
ཐབས་	ཐབས་	NOUN
ཀྱི་	གི་	PART
ཕ་རོལ་	ཕ་རོལ་	NOUN
ཏུ་	ལ་	PART
ཕྱིན་པ་	ཕྱིན་པ་	VERB
ལྔ་	ལྔ་	NUM
འི་	གི་	PART
ངོ་བོ་	ངོ་བོ་	NOUN
ཕྱག་རྒྱ་	ཕྱག་རྒྱ་	NOUN
དག་པ་	དག་པ་	VERB
འོ་	གོ་	PART
། །		PUNCT
ཇི་ལྟ་		
བདག་མེད་	བདག་མེད་	ADJ
རྣལ་འབྱོར་	རྣལ་འབྱོར་	NOUN
མ་	མ་	PART
འི་	གི་	PART
ཕྱག་མཚན་	ཕྱག་མཚན་	NOUN
དང་	དང་	NO_POS
རྒྱན་ཆ་	རྒྱན་ཆ་	NOUN
ཇི་ལྟ་		
ཡིན་པ་	ཡིན་པ་	AUX
།		PUNCT
དེ་ལྟ་	དེ་ལྟ་	NO_POS
ལྷ་མོ་	ལྷ་མོ་	NOUN
བཅུ་བཞི་པོ་	བཅུ་བཞི་པོ་	NO_POS
།		PUNCT
ཐམས་ཅད་	ཐམས་ཅད་	DET
ཀྱང་	ཀྱང་	PART
འདྲ་བ་	འདྲ་བ་	VERB
ར་	ལ་	PART
རྣམ་པ་	རྣམ་པ་	NOUN
ར་	ལ་	PART
བཤད་	བཤད་	VERB
།		PUNCT
ལག་པ་	ལག་པ་	NOUN
གཅིག་	གཅིག་	NUM
གཡོན་པ་	གཡོན་པ་	ADJ
ནི་	ནི་	NO_POS
ཐོད་པ་	ཐོད་པ་	NOUN
ས་	གིས་	PART
བྲེལ་	བྲེལ་	NO_POS
ཞིང་	ཞིང་	SCONJ
།		PUNCT
གཡས་པ་	གཡས་པ་	VERB
ན་	ན་	ADP
ནི་	ནི་	NO_POS
གྲི་གུག་	གྲི་གུག་	NOUN
ཕྱར་བ་	ཕྱར་བ་	VERB
འི་	གི་	PART
ཚུལ་	ཚུལ་	NOUN
འཛིན་པ་	འཛིན་པ་	VERB
ཉིད་	ཉིད་	DET
།		PUNCT
གཡོན་པ་	གཡོན་པ་	ADJ
འི་	གི་	PART
གྲུ་མོ་	གྲུ་མོ་	NOUN
ས་	ས་	ADP
ཡབ་	ཡབ་	NOUN
ཀྱི་	གི་	PART
ངོ་བོ་	ངོ་བོ་	NOUN
ཁ་	ཁ་	PRON
ཊྭཱཾ་		NON_WORD
ག་	ག་	PRON
འཛིན་པ་	འཛིན་པ་	VERB
ཉིད་	ཉིད་	DET
དོ་	གོ་	PART
། །		PUNCT
གཟུང་འཛིན་	གཟུང་འཛིན་	NOUN
སྤངས་པ་	སྤངས་པ་	VERB
འི་	གི་	PART
བརྡ་	བརྡ་	NOUN
ར་	ལ་	PART
སྟག་	སྟག་	NOUN
གི་	གི་	PART
ལྤགས་པ་	ལྤགས་པ་	NOUN
ས་	གིས་	PART
འདོམས་	འདོམས་	NOUN
སྣམ་དཀྲིས་	སྣམ་དཀྲིས་	NO_POS
ཤིང་	ཅིང་	PART
།		PUNCT
གདན་	གདན་	NOUN
རོ་	རོ་	NOUN
ལ་	ལ་	ADP
ཞོན་	ཞོན་	VERB
ཞིང་	ཞིང་	SCONJ
སྐུ་	སྐུ་	NOUN
ལ་	ལ་	ADP
འོད་འཕྲོ་	འོད་འཕྲོ་	NO_POS
བ་	བ་	ADP
གཟི་བརྗིད་	གཟི་བརྗིད་	NOUN
འབའ་	འབའ་	VERB
།		PUNCT
ཕྱག་	ཕྱག་	NOUN
གཉིས་	གཉིས་	NUM
གྱེན་	གྱེན་	NOUN
དུ་	ལ་	PART
དབུ་	དབུ་	NOUN
སྐྱེ་	སྐྱེ་	VERB
སེ་	སེ་	NO_POS
ར་	ལ་	PART
། ༈ །		PUNCT
ང་རྒྱལ་	ང་རྒྱལ་	NOUN
ལ་སོགས་	ལ་སོགས་	NO_POS
འདོད་ཆགས་	འདོད་ཆགས་	NOUN
ཁོང་ཁྲོ་	ཁོང་ཁྲོ་	NOUN
གཏི་མུག་	གཏི་མུག་	NOUN
ལྟ་བ་	ལྟ་བ་	VERB
ཐེ་ཚོམ་	ཐེ་ཚོམ་	NOUN
སྟེ་	སྟེ་	PART
སྐྱོན་	སྐྱོན་	NOUN
དྲུག་པོ་	དྲུག་པོ་	NUM
རྣམས་	རྣམས་	DET
༑		PUNCT
སྟོང་ཉིད་	སྟོང་ཉིད་	NOUN
རྟོགས་པ་	རྟོགས་པ་	VERB
འི་	གི་	PART
ཡེ་ཤེས་	ཡེ་ཤེས་	NOUN
ཀྱིས་	གིས་	PART
གཅོད་པ་	གཅོད་པ་	VERB
འི་	གི་	PART
ཕྱི་	ཕྱི་	OTHER
གྲི་གུག་	གྲི་གུག་	NOUN
རྣམ་པ་	རྣམ་པ་	NOUN
ར་	ལ་	PART
གནས་	གནས་	NOUN
།		PUNCT
དངོས་པོ་	དངོས་པོ་	NOUN
དང་	དང་	NO_POS
དངོས་པོ་	དངོས་པོ་	NOUN
མེད་པ་	མེད་པ་	VERB
འི་	གི་	PART
རྣམ་རྟོག་	རྣམ་རྟོག་	NOUN
གི་	གི་	PART
མི་	མི་	PART
འི་	གི་	PART
མགོ་བོ་	མགོ་བོ་	NOUN
བཅད་པ་	བཅད་པ་	VERB
འི་	གི་	PART
པདྨ་	པདྨ་	NOUN
འི་	གི་	PART
སྣོད་	སྣོད་	NOUN
དུ་	ལ་	PART
ནི་	ནི་	NO_POS
།		PUNCT
ཚངས་པ་	ཚངས་པ་	PROPN
ལ་སོགས་པ་	ལ་སོགས་པ་	NO_POS
འི་	གི་	PART
བདུད་	བདུད་	NOUN
རྣམས་	རྣམས་	DET
རྣམ་པ་	རྣམ་པ་	NOUN
བཞི་	བཞི་	NUM
ཡི་	ཡི་	ADP
ཁྲག་	ཁྲག་	NOUN
དངོས་གྲུབ་	དངོས་གྲུབ་	NOUN
ཐོབ་པ་	ཐོབ་པ་	VERB
འི་	གི་	PART
ཕྱི་	ཕྱི་	OTHER
ནི་	ནི་	NO_POS
བཏུང་བ་	བཏུང་བ་	VERB
ར་	ལ་	PART
བྱ་	བྱ་	VERB
།		PUNCT
ལྷ་མོ་	ལྷ་མོ་	NOUN
སྟོང་པ་	སྟོང་པ་	VERB
འི་	གི་	PART
རྣམ་པ་	རྣམ་པ་	NOUN
ཡིན་པ་	ཡིན་པ་	AUX
ས་	གིས་	PART
ཁ་	ཁ་	PRON
ཊྭཱཾཀ་		NON_WORD
ཐབས་	ཐབས་	NOUN
དང་	དང་	NO_POS
།		PUNCT
ལྷ་	ལྷ་	NOUN
འི་	གི་	PART
སྐུ་	སྐུ་	NOUN
ཐབས་	ཐབས་	NOUN
ཀྱིས་	གིས་	PART
རོ་	རོ་	NOUN
ནི་	ནི་	NO_POS
ཆོ་	ཆོ་	NOUN
ཀྱི་	གི་	PART
དབྱིངས་	དབྱིངས་	NOUN
མཚོན་པ་	མཚོན་པ་	VERB
འི་	གི་	PART
བརྡ་	བརྡ་	NOUN
ར་	ལ་	PART
རྣམ་པ་	རྣམ་པ་	NOUN
ར་	ལ་	PART
བརྟག་	བརྟག་	VERB
༈		PUNCT
རྣམ་དག་	རྣམ་དག་	ADJ
གི་	གི་	PART
ཚུལ་	ཚུལ་	NOUN
འདི་	འདི་	DET
ས་	གིས་	PART
ནི་	ནི་	NO_POS
ལྷ་	ལྷ་	NOUN
འི་	གི་	PART
འཁོར་ལོ་	འཁོར་ལོ་	NOUN
རྣམ་པ་	རྣམ་པ་	NOUN
ར་	ལ་	PART
བསྒོམས་	བསྒོམས་	VERB
ན་	ན་	ADP
།		PUNCT
སངས་རྒྱས་	སངས་རྒྱས་	NOUN
ཀྱི་	གི་	PART
དངོས་གྲུབ་	དངོས་གྲུབ་	NOUN
མྱུར་	མྱུར་	VERB
དུ་	ལ་	PART
ཐོབ་པ་	ཐོབ་པ་	VERB
ར་	ལ་	PART
འགྱུར་	འགྱུར་	VERB
རོ་	རོ་	NOUN
།		PUNCT
ཁ་དོག་	ཁ་དོག་	NOUN
གི་	གི་	PART
སྒོ་	སྒོ་	NOUN
ན་	ནས་	PART
ཞེན་པ་	ཞེན་པ་	VERB
སྤང་བ་	སྤང་བ་	VERB
ནི་	ནི་	NO_POS
ལྷ་	ལྷ་	NOUN
རྣམས་	རྣམས་	DET
བསྒོམས་	བསྒོམས་	VERB
ན་	ནས་	PART
དུས་	དུས་	NOUN
དང་པོ་	དང་པོ་	ADJ
ར་	ལ་	PART
མི་བསྐྱོད་པ་	མི་བསྐྱོད་པ་	NO_POS
འི་	གི་	PART
ངོ་བོ་	ངོ་བོ་	NOUN
ནག་པོ་	ནག་པོ་	ADJ
རབ་ཏུ་	རབ་ཏུ་	NO_POS
བསྒོམ་	བསྒོམ་	VERB
།		PUNCT
དུས་	དུས་	NOUN
གཉིས་པ་	གཉིས་པ་	NUM
ར་	ལ་	PART
འོད་	འོད་	NOUN
དཔག་མེད་	དཔག་མེད་	ADJ
ཀྱི་	གི་	PART
ངོ་བོ་	ངོ་བོ་	NOUN
དམར་པོ་	དམར་པོ་	ADJ
རྣམ་པ་	རྣམ་པ་	NOUN
ར་	ལ་	PART
བསྒོམ་	བསྒོམ་	VERB
༑		PUNCT
དུས་གསུམ་པ་	དུས་གསུམ་པ་	OTHER
ལ་	ལ་	ADP
ནི་	ནི་	NO_POS
རིན་འབྱུང་	རིན་འབྱུང་	OTHER
གི་	གི་	PART
ངོ་བོ་	ངོ་བོ་	NOUN
སེར་པོ་	སེར་པོ་	ADJ
བསྒོམ་	བསྒོམ་	VERB
།		PUNCT
དུས་བཞི་པ་	དུས་བཞི་པ་	NO_POS
ར་	ལ་	PART
དོན་གྲུབ་	དོན་གྲུབ་	PROPN
ཀྱི་	གི་	PART
ངོ་བོ་	ངོ་བོ་	NOUN
ལྗང་གུ་	ལྗང་གུ་	NO_POS
དེ་བཞིན་	དེ་བཞིན་	OTHER
ནོ་	གོ་	PART
། །		PUNCT
དུས་	དུས་	NOUN
ལྔ་པ་	ལྔ་པ་	NUM
ར་	ལ་	PART
རྡོ་རྗེ་	རྡོ་རྗེ་	NOUN
སེམས་དཔ་	སེམས་དཔའ་	NOUN
འི་	གི་	PART
ངོ་བོ་	ངོ་བོ་	NOUN
ཁ་དོག་	ཁ་དོག་	NOUN
སྔོན་པོ་	སྔོན་པོ་	ADJ
དང་	དང་	NO_POS
།		PUNCT
དུས་	དུས་	NOUN
དྲུག་པ་	དྲུག་པ་	NUM
ར་	ལ་	PART
རྣམ་སྣང་	རྣམ་སྣང་	PROPN
གི་	གི་	PART
ངོ་བོ་	ངོ་བོ་	NOUN
དཀར་པོ་	དཀར་པོ་	ADJ
འི་	གི་	PART
ལུས་ཅན་	ལུས་ཅན་	NOUN
དུ་	ལ་	PART
རྣམ་པ་	རྣམ་པ་	NOUN
ར་	ལ་	PART
བསྒོམ་	བསྒོམ་	VERB
ཏེ་	སྟེ་	PART
།		PUNCT
དེ་ལྟ་	དེ་ལྟ་	NO_POS
ཡན་ལག་	ཡན་ལག་	NOUN
དྲུག་	དྲུག་	NUM
བསྒོམ་པ་	བསྒོམ་པ་	VERB
འི་	གི་	PART
རྣལ་འབྱོར་པ་	རྣལ་འབྱོར་པ་	NOUN
ས་	གིས་	PART
ཡེ་ཤེས་	ཡེ་ཤེས་	NOUN
རྟོགས་པ་	རྟོགས་པ་	VERB
ར་	ལ་	PART
འགྱུར་བ་	འགྱུར་བ་	VERB
ནི་	ནི་	NO_POS
།		PUNCT
དགའ་	དགའ་	VERB
བྲལ་	བྲལ་	VERB
གྱི་	གི་	PART
མཐ་	མཐའ་	NOUN
ར་	ལ་	PART
ལྷན་ཅིག་	ལྷན་ཅིག་	OTHER
སྐྱེས་པ་	སྐྱེས་པ་	VERB
འི་	གི་	PART
ཡེ་ཤེས་	ཡེ་ཤེས་	NOUN
སྐྱེ་བ་	སྐྱེ་བ་	VERB
ར་	ལ་	PART
འགྱུར་བ་	འགྱུར་བ་	VERB
ཡང་	ཀྱང་	PART
དེ་བཞིན་	དེ་བཞིན་	OTHER
དུ་	ལ་	PART
སྐྱེ་	སྐྱེ་	NOUN
འོ་	གོ་	PART
།།		PUNCT
ནོ་	གོ་	PART
། ༈ །		PUNCT
རྟེན་	རྟེན་	NOUN
བསྐྱེད་པ་	བསྐྱེད་པ་	VERB
འི་	གི་	PART
རིམ་པ་	རིམ་པ་	NOUN
ཉིད་	ཉིད་	DET
དང་	དང་	NO_POS
ནི་	ནི་	NO_POS
།		PUNCT
བརྟེན་པ་	བརྟེན་པ་	VERB
རྫོགས་པ་	རྫོགས་པ་	VERB
ཡི་	ཡི་	ADP
ཡང་	ཀྱང་	PART
རིམ་པ་	རིམ་པ་	NOUN
ཉིད་	ཉིད་	DET
།		PUNCT
དངོས་གཞི་	དངོས་གཞི་	NOUN
རིམ་པ་	རིམ་པ་	NOUN
གཉིས་	གཉིས་	NUM
ཀྱི་	གི་	PART
རྣལ་འབྱོར་	རྣལ་འབྱོར་	NOUN
ལ་	ལ་	ADP
མཉམ་པ་	མཉམ་པ་	VERB
ར་	ལ་	PART
གནས་	གནས་	NOUN
ན་	ནས་	PART
ནི་	ནི་	NO_POS
།		PUNCT
རྡོ་རྗེ་	རྡོ་རྗེ་	NOUN
ཅན་	ཅན་	PART
གྱིས་	གིས་	PART
ཆོ་	ཆོ་	NOUN
འཆད་པ་	འཆད་པ་	VERB
ར་	ལ་	PART
བྱེད་	བྱེད་	VERB
དོ་	གོ་	PART
། །		PUNCT
དེ་ལྟ་	དེ་ལྟ་	NO_POS
རིམ་པ་	རིམ་པ་	NOUN
གཉིས་	གཉིས་	NUM
ལ་	ལ་	ADP
ས་	གིས་	PART
གོང་	གོང་	NOUN
དུ་	ལ་	PART
བསྐྱེད་རིམ་	བསྐྱེད་རིམ་	NOUN
གྱི་	གི་	PART
མདོ་	མདོ་	NOUN
ར་	ལ་	PART
བསྟན་	བསྟན་	VERB
འདི་	འདི་	DET
ར་	ལ་	PART
རྫོགས་རིམ་	རྫོགས་རིམ་	NOUN
གྱི་	གི་	PART
མདོ་	མདོ་	NOUN
ར་	ལ་	PART
བསྟན་	བསྟན་	VERB
འཆད་པ་	འཆད་པ་	VERB
ནི་	ནི་	NO_POS
བསྐྱེད་པ་	བསྐྱེད་པ་	VERB
འི་	གི་	PART
རིམ་པ་	རིམ་པ་	NOUN
ཡི་	ཡི་	ADP
ནི་	ནི་	NO_POS
ཆ་	ཆ་	NOUN
བཤད་	བཤད་	VERB
ཟིན་	ཟིན་	VERB
དོ་	གོ་	PART
། །		PUNCT
དཔེ་	དཔེ་	NOUN
ལ་ལ་	ལ་ལ་	PRON
ལ་	ལ་	ADP
།		PUNCT
རྫོགས་པ་	རྫོགས་པ་	VERB
ཡི་	ཡི་	ADP
ནི་	ནི་	NO_POS
ཆ་	ཆ་	NOUN
འཆད་	འཆད་	VERB
དོ་	གོ་	PART
། །		PUNCT
ཟེ་	ཟེ་	VERB
།		PUNCT
དོ་	གོ་	PART
། །		PUNCT
ནམ་མཁ་	ནམ་མཁའ་	NOUN
འི་	གི་	PART
ཁམས་	ཁམས་	NOUN
ནི་	ནི་	NO_POS
འཁོར་ལོ་	འཁོར་ལོ་	NOUN
རྣམས་	རྣམས་	DET
དང་	དང་	NO_POS
ཡུམ་	ཡུམ་	NOUN
གྱི་	གི་	PART
པདྨ་	པདྨ་	NOUN
འི་	གི་	PART
ཁོངས་	ཁོངས་	NOUN
ཡིན་	ཡིན་	NO_POS
ལ་	ལ་	ADP
།		PUNCT
བྷ་	བྷ་	NO_POS
ག་	ག་	PRON
ཞེ་	ཅེས་	PART
བྱ་བ་	བྱ་བ་	VERB
ནི་	ནི་	NO_POS
དེ་	དེ་	DET
ར་	ལ་	PART
སྐྱེས་པ་	སྐྱེས་པ་	VERB
འི་	གི་	PART
ཡེ་ཤེས་	ཡེ་ཤེས་	NOUN
རྣམ་པ་	རྣམ་པ་	NOUN
ར་	ལ་	PART
རྟོག་པ་	རྟོག་པ་	VERB
བཅོམ་པ་	བཅོམ་པ་	VERB
ར་	ལ་	PART
བརྗོད་པ་	བརྗོད་པ་	VERB
ཡིན་	ཡིན་	NO_POS
ཞིང་	ཞིང་	SCONJ
།		PUNCT
བསྒོམ་པ་	བསྒོམ་པ་	VERB
ར་	ལ་	PART
ཞེ་	ཅེས་	PART
བྱ་བ་	བྱ་བ་	VERB
ནི་	ནི་	NO_POS
འབའ་	འབའ་	VERB
འཛག་	འཛག་	VERB
དང་	དང་	NO_POS
བསྲུབ་	བསྲུབ་	NO_POS
སྦྱོར་	སྦྱོར་	VERB
གྱི་	གི་	PART
།		PUNCT
སྙོམས་འཇུག་	སྙོམས་འཇུག་	NO_POS
ཉིད་	ཉིད་	DET
དོ་	གོ་	PART
། །		PUNCT
དེ་ལས་	དེ་ལས་	NO_POS
བྱུང་བ་	བྱུང་བ་	VERB
ཡི་	ཡི་	ADP
བདེ་བ་	བདེ་བ་	VERB
རྟོག་པ་	རྟོག་པ་	VERB
གཅོད་པ་	གཅོད་པ་	VERB
ས་	གིས་	PART
འཁོར་ལོ་	འཁོར་ལོ་	NOUN
ཞེ་	ཅེས་	PART
བྱ་བ་	བྱ་བ་	VERB
ར་	ལ་	PART
བརྗོད་	བརྗོད་	VERB
དོ་	གོ་	PART
། །		PUNCT
མྱོང་བ་	མྱོང་བ་	VERB
དེ་ཡང་	དེ་ཡང་	ADV
གནས་ལུགས་	གནས་ལུགས་	VERB
དང་	དང་	NO_POS
མཐུན་པ་	མཐུན་པ་	VERB
འི་	གི་	PART
རིག་པ་	རིག་པ་	VERB
ཇི་བཞིན་	ཇི་བཞིན་	OTHER
རང་	རང་	PRON
གིས་	གིས་	PART
རིག་པ་	རིག་པ་	VERB
འི་	གི་	PART
སྤྱོད་ཡུལ་	སྤྱོད་ཡུལ་	NOUN
ཉིད་	ཉིད་	DET
དོ་	གོ་	PART
། །		PUNCT
ལྷ་	ལྷ་	NOUN
ཞེ་	ཅེས་	PART
བྱ་བ་	བྱ་བ་	VERB
ནི་	ནི་	NO_POS
ལུས་	ལུས་	NOUN
ལ་	ལ་	ADP
ས་	གིས་	PART
བྱུང་བ་	བྱུང་བ་	VERB
འི་	གི་	PART
རྟེན་	རྟེན་	NOUN
བྱང་ཆུབ་	བྱང་ཆུབ་	NOUN
ཀྱི་	གི་	PART
སེམས་	སེམས་	NOUN
ཀྱི་	གི་	PART
ཐིག་ལེ་	ཐིག་ལེ་	NOUN
འོ་	གོ་	PART
། །		PUNCT
གོང་	གོང་	NOUN
དུ་	ལ་	PART
ཇི་ལྟ་		
འབྱུང་བ་	འབྱུང་བ་	VERB
ནི་	ནི་	NO_POS
ཆུ་	ཆུ་	NOUN
འི་	གི་	PART
འབྱུང་བ་	འབྱུང་བ་	VERB
ཁུ་བ་	ཁུ་བ་	NOUN
ཡིན་	ཡིན་	NO_POS
ནོ་	གོ་	PART
རྫོགས་རིམ་	རྫོགས་རིམ་	NOUN
གྱི་	གི་	PART
མདོ་	མདོ་	NOUN
ར་	ལ་	PART
བསྟན་	བསྟན་	VERB
ནོ་	གོ་	PART
།།		PUNCT
ལྷན་ཅིག་	ལྷན་ཅིག་	OTHER
སྐྱེས་པ་	སྐྱེས་པ་	VERB
དེ་	དེ་	DET
གང་ཟག་	གང་ཟག་	NOUN
གིས་	གིས་	PART
ཕྱེ་	ཕྱེ་	VERB
ན་	ན་	ADP
རྣམ་པ་	རྣམ་པ་	NOUN
གཉིས་	གཉིས་	NUM
།		PUNCT
རེ་ཞིག་	རེ་ཞིག་	NO_POS
བཙུན་མོ་	བཙུན་མོ་	NOUN
ཤེས་རབ་	ཤེས་རབ་	NOUN
ཡིན་པ་	ཡིན་པ་	AUX
དང་	དང་	NO_POS
།		PUNCT
སྐྱེས་བུ་	སྐྱེས་བུ་	NOUN
ཐབས་	ཐབས་	NOUN
སུ་	སུ་	ADP
བརྗོད་པ་	བརྗོད་པ་	VERB
ཉིད་	ཉིད་	DET
དེ་	དེ་	DET
གཉིས་	གཉིས་	NUM
སོ་	སོ་	PART
། །		PUNCT
ངོ་བོ་	ངོ་བོ་	NOUN
འི་	གི་	PART
དབྱེ་བ་	དབྱེ་བ་	VERB
ནི་	ནི་	NO_POS
ཀུན་རྫོབ་	ཀུན་རྫོབ་	NOUN
ཀུན་ད་	ཀུན་ད་	OTHER
ལྟ་བུ་	ལྟ་བུ་	NOUN
དང་	དང་	NO_POS
དོན་དམ་	དོན་དམ་	NOUN
བདེ་བ་	བདེ་བ་	VERB
འི་	གི་	PART
ཡེ་ཤེས་	ཡེ་ཤེས་	NOUN
ཀྱི་	གི་	PART
དབྱེ་བ་	དབྱེ་བ་	VERB
ལ་	ལ་	ADP
ས་	གིས་	PART
ཕྱེ་	ཕྱེ་	VERB
ན་	ན་	ADP
།		PUNCT
རྟེན་	རྟེན་	NOUN
གང་ཟག་	གང་ཟག་	NOUN
གི་	གི་	PART
ཕྱི་	ཕྱི་	NOUN
ན་	ནས་	PART
བརྟེན་པ་	བརྟེན་པ་	VERB
ཡེ་ཤེས་	ཡེ་ཤེས་	NOUN
ཀྱིས་	གིས་	PART
ཕྱེ་བ་	ཕྱེ་བ་	VERB
དེ་	དེ་	DET
ཡི་	ཡི་	ADP
རྣམ་པ་	རྣམ་པ་	NOUN
གཉིས་	གཉིས་	NUM
སོ་	སོ་	PART
༑ ༑		PUNCT
རེ་ཞིག་	རེ་ཞིག་	NO_POS
སྐྱེས་བུ་	སྐྱེས་བུ་	NOUN
འི་	གི་	PART
རྒྱུད་	རྒྱུད་	NOUN
ལ་	ལ་	ADP
འང་	ཀྱང་	PART
རྣམ་པ་	རྣམ་པ་	NOUN
གཉིས་	གཉིས་	NUM
ཏེ་	སྟེ་	PART
།		PUNCT
སྐྱེས་བུ་	སྐྱེས་བུ་	NOUN
དེ་	དེ་	DET
ཡི་	ཡི་	ADP
རྟེན་	རྟེན་	NOUN
ཁུ་བ་	ཁུ་བ་	NOUN
འམ་	གམ་	PART
བརྟེན་པ་	བརྟེན་པ་	VERB
བདེ་བ་	བདེ་བ་	VERB
ཉིད་	ཉིད་	DET
དོ་	གོ་	PART
། །		PUNCT
སྐྱེས་བུ་	སྐྱེས་བུ་	NOUN
འི་	གི་	PART
ཇི་བཞིན་	ཇི་བཞིན་	OTHER
དུ་	ལ་	PART
ཤེས་རབ་	ཤེས་རབ་	NOUN
ཕྱག་རྒྱ་	ཕྱག་རྒྱ་	NOUN
ལ་	ལ་	ADP
འང་	ཀྱང་	PART
གཉིས་	གཉིས་	NUM
ཏེ་	སྟེ་	PART
།		PUNCT
ཕྱག་རྒྱ་	ཕྱག་རྒྱ་	NOUN
དེ་	དེ་	DET
ཡི་	ཡི་	ADP
རྟེན་	རྟེན་	NOUN
ཁུ་བ་	ཁུ་བ་	NOUN
འང་	ཀྱང་	PART
བརྟེན་པ་	བརྟེན་པ་	VERB
བདེ་བ་	བདེ་བ་	VERB
ཉིད་	ཉིད་	DET
དོ་	གོ་	PART
། །		PUNCT
དེ་ཉིད་	དེ་ཉིད་	NOUN
ཀྱི་	གི་	PART
ཕྱི་	ཕྱི་	OTHER
ན་	ན་	ADP
བརྟེན་པ་	བརྟེན་པ་	VERB
བདེ་བ་	བདེ་བ་	VERB
ལ་	ལ་	ADP
ཕྱེ་	ཕྱེ་	VERB
ན་	ན་	ADP
དགའ་བ་	དགའ་བ་	VERB
ནི་	ནི་	NO_POS
༑		PUNCT
བཞི་	བཞི་	NUM
ཡི་	ཡི་	ADP
རབ་ཏུ་	རབ་ཏུ་	NO_POS
དབྱེ་བ་	དབྱེ་བ་	VERB
ཡི་	གིས་	PART
འབྱེད་	འབྱེད་	VERB
དེ་	དེ་	DET
།		PUNCT
དེ་ལྟ་	དེ་ལྟ་	NO_POS
སྐྱེ་	སྐྱེ་	NOUN
མེད་	མེད་	VERB
རྫོགས་པ་	རྫོགས་པ་	VERB
འི་	གི་	PART
རིམ་པ་	རིམ་པ་	NOUN
འི་	གི་	PART
ཕྱོགས་	ཕྱོགས་	NOUN
ལ་	ལ་	ADP
ས་	གིས་	PART
ཕྱེ་	ཕྱེ་	VERB
ན་	ན་	ADP
ནི་	ནི་	NO_POS
།		PUNCT
འདི་ལྟར་	འདི་ལྟར་	NO_POS
ལྷན་ཅིག་	ལྷན་ཅིག་	OTHER
སྐྱེས་པ་	སྐྱེས་པ་	VERB
རྣམ་པ་	རྣམ་པ་	NOUN
བཞི་	བཞི་	NUM
འོ་	གོ་	PART
། །		PUNCT
དཔེ་	དཔེ་	NOUN
ས་	གིས་	PART
དབྱེ་	དབྱེ་	VERB
ན་	ན་	ADP
དགའ་བ་	དགའ་བ་	VERB
དང་པོ་	དང་པོ་	ADJ
ནི་	ནི་	NO_POS
རྩོལ་བ་	རྩོལ་བ་	VERB
ཆེ་	ཆེ་	VERB
ཞིང་	ཞིང་	SCONJ
བདེ་བ་	བདེ་བ་	VERB
ཆུང་བ་	ཆུང་བ་	VERB
ས་	གིས་	PART
གང་ཟག་	གང་ཟག་	NOUN
དཔའ་བོ་	དཔའ་བོ་	NOUN
ཉིད་	ཉིད་	DET
དང་	དང་	NO_POS
འདྲ་	འདྲ་	VERB
ལ་	ལ་	ADP
།		PUNCT
མཆོག་	མཆོག་	ADJ
ཏུ་	ལ་	PART
དགའ་བ་	དགའ་བ་	VERB
ནི་	ནི་	NO_POS
རྩོལ་བ་	རྩོལ་བ་	VERB
ཆུང་	ཆུང་	VERB
ཞིང་	ཞིང་	SCONJ
བདེ་བ་	བདེ་བ་	VERB
ཆེ་བ་	ཆེ་བ་	VERB
ས་	གིས་	PART
རྣལ་འབྱོར་	རྣལ་འབྱོར་	NOUN
མ་	མ་	PART
དང་	དང་	NO_POS
འདྲ་	འདྲ་	VERB
ཞིང་	ཞིང་	SCONJ
།		PUNCT
ཤིན་ཏུ་	ཤིན་ཏུ་	NO_POS
བདེ་བ་	བདེ་བ་	VERB
དགའ་	དགའ་	VERB
བྲལ་	བྲལ་	VERB
གྱི་	གི་	PART
དགའ་བ་	དགའ་བ་	VERB
ནི་	ནི་	NO_POS
ཐམས་ཅད་	ཐམས་ཅད་	DET
དེ་	དེ་	DET
ཐབས་ཤེས་	ཐབས་ཤེས་	NOUN
རབ་	རབ་	ADV
གཉིས་ཀ་	གཉིས་ཀ་	OTHER
འི་	གི་	PART
རྒྱུད་	རྒྱུད་	NOUN
ལ་	ལ་	ADP
ངེས་པ་	ངེས་པ་	VERB
ས་	གིས་	PART
སྐྱེས་པ་	སྐྱེས་པ་	VERB
དང་	དང་	NO_POS
བུད་མེད་	བུད་མེད་	NOUN
གཉིས་ཀ་	གཉིས་ཀ་	OTHER
དང་	དང་	NO_POS
འདྲ་	འདྲ་	VERB
འོ་	གོ་	PART
། །		PUNCT
དགའ་བ་	དགའ་བ་	VERB
གསུམ་པ་	གསུམ་པ་	NUM
དེ་	དེ་	DET
འི་	གི་	PART
བདེ་བ་	བདེ་བ་	VERB
འི་	གི་	PART
ཐབས་	ཐབས་	NOUN
ལ་	ལ་	ADP
ས་	གིས་	PART
ཡང་དག་པ་	ཡང་དག་པ་	ADJ
ར་	ལ་	PART
རིག་པ་	རིག་པ་	VERB
ནི་	ནི་	NO_POS
ལྷན་ཅིག་	ལྷན་ཅིག་	OTHER
སྐྱེས་པ་	སྐྱེས་པ་	VERB
འི་	གི་	PART
ཡེ་ཤེས་	ཡེ་ཤེས་	NOUN
སོ་	སོ་	PART
། །		PUNCT
ཉམས་མྱོང་	ཉམས་མྱོང་	NOUN
གིས་	གིས་	PART
དབྱེ་	དབྱེ་	VERB
ན་	ན་	ADP
དགའ་བ་	དགའ་བ་	VERB
འི་	གི་	PART
དུས་	དུས་	NOUN
སུ་	སུ་	ADP
བདེ་བ་	བདེ་བ་	VERB
ཅུང་ཟད་	ཅུང་ཟད་	ADV
ཉམས་	ཉམས་	NOUN
སུ་	སུ་	ADP
མྱོང་	མྱོང་	VERB
དེ་	དེ་	DET
།		PUNCT
མཆོག་	མཆོག་	ADJ
ཏུ་	ལ་	PART
དགའ་བ་	དགའ་བ་	VERB
ས་	གིས་	PART
དེ་བ་	དེ་བ་	OTHER
ས་	གིས་	PART
ལྷག་པ་	ལྷག་པ་	VERB
འི་	གི་	PART
བདེ་བ་	བདེ་བ་	VERB
ཉམས་	ཉམས་	NOUN
སུ་	སུ་	ADP
མྱོང་	མྱོང་	VERB
།		PUNCT
དགའ་	དགའ་	VERB
བྲལ་	བྲལ་	VERB
གྱི་	གི་	PART
དགའ་བ་	དགའ་བ་	VERB
སླ་	སླ་	ADV
འདོད་པ་	འདོད་པ་	VERB
འི་	གི་	PART
ཆགས་པ་	ཆགས་པ་	VERB
དང་	དང་	NO_POS
བྲལ་བ་	བྲལ་བ་	VERB
ཉམས་	ཉམས་	NOUN
སུ་	སུ་	ADP
མྱོང་བ་	མྱོང་བ་	VERB
ཡིན་	ཡིན་	NO_POS
།		PUNCT
བཞི་པ་བ་	བཞི་པ་བ་	ADJ
བདེ་སྟོང་	བདེ་སྟོང་	NOUN
ཟུང་	ཟུང་	VERB
དུ་	ལ་	PART
ཆུད་པ་	ཆུད་པ་	VERB
ནི་	ནི་	NO_POS
ལྷག་མ་	ལྷག་མ་	NOUN
ལྷན་ཅིག་	ལྷན་ཅིག་	OTHER
སྐྱེས་པ་	སྐྱེས་པ་	VERB
འི་	གི་	PART
དགའ་བ་	དགའ་བ་	VERB
ཉིད་	ཉིད་	DET
དོ་	གོ་	PART
།། ༈		PUNCT
རྣམ་རྟོག་	རྣམ་རྟོག་	NOUN
གིས་	གིས་	PART
དབྱེ་	དབྱེ་	VERB
ན་	ན་	ADP
དུས་	དུས་	NOUN
དང་པོ་	དང་པོ་	ADJ
ར་	ལ་	PART
སྒོ་	སྒོ་	NOUN
གཉིས་	གཉིས་	NUM
ཕན་ཚུན་	ཕན་ཚུན་	ADV
རེག་པ་	རེག་པ་	VERB
ར་	ལ་	PART
འདོད་པ་	འདོད་པ་	VERB
དང་	དང་	NO_POS
།		PUNCT
དུས་	དུས་	NOUN
གཉིས་པ་	གཉིས་པ་	NUM
ར་	ལ་	PART
བདེ་བ་	བདེ་བ་	VERB
ཉམས་	ཉམས་	NOUN
སུ་	སུ་	ADP
མྱོང་བ་	མྱོང་བ་	VERB
ར་	ལ་	PART
འདོད་པ་	འདོད་པ་	VERB
དང་	དང་	NO_POS
།		PUNCT
དུས་གསུམ་པ་	དུས་གསུམ་པ་	OTHER
མྱོང་	མྱོང་	VERB
ཟིན་པ་	ཟིན་པ་	VERB
ས་	གིས་	PART
འདོད་ཆགས་	འདོད་ཆགས་	NOUN
འཇིག་པ་	འཇིག་པ་	VERB
ཉིད་	ཉིད་	DET
དེ་དག་	དེ་དག་	OTHER
མཐ་	མཐའ་	NOUN
ར་	ལ་	PART
ལྷུང་	ལྷུང་	VERB
ལ་	ལ་	ADP
ཆགས་པ་	ཆགས་པ་	VERB
དང་	དང་	NO_POS
ཆགས་བྲལ་	ཆགས་བྲལ་	NOUN
ཟུང་	ཟུང་	VERB
དུ་	ལ་	PART
ཆུད་པ་	ཆུད་པ་	VERB
།		PUNCT
དེས་ན་	དེས་ན་	NO_POS
བཞི་པ་	བཞི་པ་	ADJ
ལྷན་ཅིག་	ལྷན་ཅིག་	OTHER
སྐྱེས་པ་	སྐྱེས་པ་	VERB
འི་	གི་	PART
ཡེ་ཤེས་	ཡེ་ཤེས་	NOUN
བསྒོམ་པ་	བསྒོམ་པ་	VERB
ར་	ལ་	PART
བྱ་	བྱ་	VERB
།		PUNCT
རང་	རང་	PRON
གི་	གི་	PART
ངོ་བོ་	ངོ་བོ་	NOUN
ས་	གིས་	PART
དབྱེ་	དབྱེ་	VERB
ན་	ན་	ADP
དགའ་བ་	དགའ་བ་	VERB
དང་པོ་	དང་པོ་	ADJ
མཆོག་	མཆོག་	ADJ
ཏུ་	ལ་	PART
དགའ་བ་	དགའ་བ་	VERB
ཆགས་པ་	ཆགས་པ་	VERB
དང་	དང་	NO_POS
བཅས་པ་	བཅས་པ་	VERB
འི་	གི་	PART
ཕྱི་	ཕྱི་	OTHER
སྲིད་པ་	སྲིད་པ་	VERB
འི་	གི་	PART
ཉམས་	ཉམས་	NOUN
སུ་	སུ་	ADP
ར་	ལ་	PART
བརྗོད་	བརྗོད་	VERB
།		PUNCT
དགའ་	དགའ་	VERB
བྲལ་	བྲལ་	VERB
ལ་	ལ་	ADP
ས་	གིས་	PART
ནི་	ནི་	NO_POS
ཆགས་པ་	ཆགས་པ་	VERB
དང་	དང་	NO_POS
བྲལ་བ་	བྲལ་བ་	VERB
འི་	གི་	PART
ཕྱི་	ཕྱི་	OTHER
མྱ་ངན་	མྱ་ངན་	NOUN
འདས་པ་	འདས་པ་	VERB
འི་	གི་	PART
ཉམས་	ཉམས་	NOUN
སུ་	སུ་	ADP
བརྗོད་	བརྗོད་	VERB
།		PUNCT
དབུ་མ་	དབུ་མ་	PROPN
མཆོག་དགའ་	མཆོག་དགའ་	NO_POS
ནི་	ནི་	NO_POS
བདེ་བ་	བདེ་བ་	VERB
ཉམས་	ཉམས་	NOUN
སུ་	སུ་	ADP
མྱོང་བ་	མྱོང་བ་	VERB
ཡོད་པ་	ཡོད་པ་	VERB
ས་	གིས་	PART
དགའ་བ་	དགའ་བ་	VERB
ཙམ་	ཙམ་	DET
ཉིད་	ཉིད་	DET
དེ་	དེ་	DET
།		PUNCT
གསུམ་པོ་	གསུམ་པོ་	NUM
འདི་	འདི་	DET
ས་	གིས་	PART
ནི་	ནི་	NO_POS
རྣམ་རྟོག་	རྣམ་རྟོག་	NOUN
དང་	དང་	NO_POS
བཅས་པ་	བཅས་པ་	VERB
འི་	གི་	PART
ཕྱི་	ཕྱི་	OTHER
།		PUNCT
ལྷན་ཅིག་	ལྷན་ཅིག་	OTHER
སྐྱེས་པ་	སྐྱེས་པ་	VERB
སྤངས་	སྤངས་	VERB
། ༈		PUNCT
ལྷན་སྐྱེས་	ལྷན་སྐྱེས་	ADJ
ཀྱི་	གི་	PART
ངོ་བོ་	ངོ་བོ་	NOUN
ནི་	ནི་	NO_POS
དགའ་བ་	དགའ་བ་	VERB
འི་	གི་	PART
དུས་	དུས་	NOUN
ཀྱི་	གི་	PART
འདོད་ཆགས་	འདོད་ཆགས་	NOUN
མེད་	མེད་	VERB
ཅིང་	ཅིང་	PART
ཆགས་བྲལ་	ཆགས་བྲལ་	NOUN
གྱི་	གི་	PART
དུས་	དུས་	NOUN
ཀྱི་	གི་	PART
ཆགས་བྲལ་	ཆགས་བྲལ་	NOUN
མེད་	མེད་	VERB
ལ་	ལ་	ADP
།		PUNCT
མཆོག་དག་	མཆོག་དགའ་	NO_POS
འི་	གི་	PART
དུས་	དུས་	NOUN
ཀྱི་	གི་	PART
དབུ་མ་	དབུ་མ་	PROPN
ར་	ལ་	PART
ཡང་	ཀྱང་	PART
དམིགས་པ་	དམིགས་པ་	VERB
ར་	ལ་	PART
མི་	མི་	PART
འགྱུར་	འགྱུར་	VERB
ཏེ་	སྟེ་	PART
དེ་དག་	དེ་དག་	OTHER
རྟོག་པ་	རྟོག་པ་	VERB
དང་	དང་	NO_POS
བཅའ་	བཅའ་	VERB
ལ་	ལ་	ADP
ལྷན་སྐྱེས་	ལྷན་སྐྱེས་	ADJ
རྟོག་པ་	རྟོག་པ་	VERB
དང་	དང་	NO_POS
བྲལ་བ་	བྲལ་བ་	VERB
འི་	གི་	PART
ཕྱི་	ཕྱི་	OTHER
རོ་	རོ་	NOUN
། །		PUNCT
ལྷན་སྐྱེས་	ལྷན་སྐྱེས་	ADJ
འདི་	འདི་	DET
ལ་	ལ་	ADP
ཆགས་	ཆགས་	VERB
ཤིང་	ཅིང་	PART
འདུན་པ་	འདུན་པ་	PROPN
མེད་པ་	མེད་པ་	VERB
ས་	གིས་	PART
ཐབས་	ཐབས་	NOUN
དང་	དང་	NO_POS
ཆགས་བྲལ་	ཆགས་བྲལ་	NOUN
མེད་པ་	མེད་པ་	VERB
ས་	གིས་	PART
ཤེས་རབ་	ཤེས་རབ་	NOUN
ཀྱི་	གི་	PART
མཐ་	མཐའ་	NOUN
ར་	ལ་	PART
ལྷུང་བ་	ལྷུང་བ་	VERB
མེད་	མེད་	VERB
ལ་	ལ་	ADP
།		PUNCT
ཡང་དག་པ་	ཡང་དག་པ་	ADJ
དེ་	དེ་	DET
ཁོ་ན་ཉིད་	ཁོ་ན་ཉིད་	NO_POS
ཀྱི་	གི་	PART
ཡེ་ཤེས་	ཡེ་ཤེས་	NOUN
དཔེ་	དཔེ་	NOUN
འི་	གི་	PART
ཚུལ་	ཚུལ་	NOUN
གྱིས་	གིས་	PART
སྣང་བ་པོ་	སྣང་བ་པོ་	VERB
།		PUNCT
ལྷན་ཅིག་	ལྷན་ཅིག་	OTHER
སྐྱེས་པ་	སྐྱེས་པ་	VERB
འི་	གི་	PART
ཡེ་ཤེས་	ཡེ་ཤེས་	NOUN
དེ་	དེ་	DET
ཤེ་	ཤེ་	VERB
བརྗོད་	བརྗོད་	VERB
ཀྱི་	གི་	PART
ཡུལ་	ཡུལ་	NOUN
དུ་མ་	དུ་མ་	ADJ
གྲུབ་པ་	གྲུབ་པ་	VERB
འི་	གི་	PART
ཕྱི་	ཕྱི་	OTHER
གང་ཟག་	གང་ཟག་	NOUN
གཞན་	གཞན་	DET
གྱིས་	གིས་	PART
བརྗོད་པ་	བརྗོད་པ་	VERB
ར་	ལ་	PART
བྱ་བ་	བྱ་བ་	VERB
མིན་	མིན་	AUX
ཡང་	ཀྱང་	PART
གདོད་མ་	གདོད་མ་	OTHER
ན་	ནས་	PART
སེམས་	སེམས་	NOUN
དང་	དང་	NO_POS
དབྱེ་	དབྱེ་	VERB
ར་	ལ་	PART
མེད་པ་	མེད་པ་	VERB
ས་	གིས་	PART
ལྷན་ཅིག་	ལྷན་ཅིག་	OTHER
ཏུ་	ལ་	PART
སྐྱེས་པ་	སྐྱེས་པ་	VERB
འོ་	གོ་	PART
། །		PUNCT
རང་	རང་	PRON
གི་	གི་	PART
ཕྱི་	ཕྱི་	NOUN
ནང་	ནང་	NOUN
གང་	གང་	NO_POS
དུ་	ལ་	PART
བཙལ་	བཙལ་	NO_POS
ཡང་ཡང་	ཡང་ཡང་	NO_POS
ནི་	ནི་	NO_POS
མི་	མི་	PART
རྙེད་	རྙེད་	VERB
དེ་	དེ་	DET
ངོ་བོ་	ངོ་བོ་	NOUN
མ་གྲུབ་པ་	མ་གྲུབ་པ་	NO_POS
འི་	གི་	PART
ཕྱི་	ཕྱི་	OTHER
རོ་	རོ་	NOUN
། །		PUNCT
འོ་ན་	འོ་ན་	NO_POS
གང་	གང་	NO_POS
ལ་	ལ་	ADP
བརྟེན་	བརྟེན་	VERB
ན་	ན་	ADP
མཚན་ཉིད་	མཚན་ཉིད་	NOUN
དང་	དང་	NO_POS
ལྡན་པ་	ལྡན་པ་	VERB
འི་	གི་	PART
བླ་མ་	བླ་མ་	NOUN
འི་	གི་	PART
བསྟེན་	བསྟེན་	VERB
ཞིང་	ཞིང་	SCONJ
དེ་	དེ་	DET
ས་	གིས་	PART
བྱིན་	བྱིན་	VERB
གྱིས་	གིས་	PART
བརླབས་པ་	བརླབས་པ་	VERB
དང་	དང་	NO_POS
དབང་	དབང་	NOUN
བཞི་	བཞི་	NUM
གསུམ་	གསུམ་	NUM
དུས་	དུས་	NOUN
དང་	དང་	NO_POS
ཐིག་ལེ་	ཐིག་ལེ་	NOUN
དབབ་	དབབ་	NO_POS
བཟློག་	བཟློག་	VERB
གི་	གི་	PART
ཐབས་	ཐབས་	NOUN
དང་	དང་	NO_POS
རིག་མ་	རིག་མ་	NOUN
བསྟེན་པ་	བསྟེན་པ་	VERB
དང་	དང་	NO_POS
།		PUNCT
དེ་	དེ་	DET
རྣམས་	རྣམས་	DET
འཚོགས་པ་	འཚོགས་པ་	VERB
འི་	གི་	PART
རྒྱུ་	རྒྱུ་	NOUN
ར་	ལ་	PART
བདག་	བདག་	PRON
གི་	གི་	PART
ས་	ས་	ADP
བསོད་ནམས་	བསོད་ནམས་	NOUN
བསགས་པ་	བསགས་པ་	VERB
ལ་	ལ་	ADP
ས་	གིས་	PART
ཤེས་པ་	ཤེས་པ་	VERB
ར་	ལ་	PART
བྱ་	བྱ་	VERB
འོ་	གོ་	PART
།། ༈		PUNCT
དམན་པ་	དམན་པ་	VERB
འབྲིང་	འབྲིང་	NOUN
དང་	དང་	NO_POS
མཆོག་	མཆོག་	ADJ
རྣམས་	རྣམས་	DET
དང་	དང་	NO_POS
། །		PUNCT
གཞན་	གཞན་	DET
དང་	དང་	NO_POS
གང་	གང་	NO_POS
དང་	དང་	NO_POS
དེ་	དེ་	DET
རྣམས་	རྣམས་	DET
དང་	དང་	NO_POS
། །		PUNCT
རོ་	རོ་	NOUN
མཉམ་	མཉམ་	VERB
དེ་ཉིད་	དེ་ཉིད་	NOUN
བསྒོམས་པ་	བསྒོམས་པ་	VERB
ཡི་	གིས་	PART
། །		PUNCT
འདི་	འདི་	DET
ཀུན་	ཀུན་	DET
མཉམ་པ་ཉིད་	མཉམ་པ་ཉིད་	NOUN
དུ་	ལ་	PART
བལྟ་	བལྟ་	VERB
༑ ༑		PUNCT
ཉམས་	ཉམས་	NOUN
སུ་	སུ་	ADP
བླང་པ་	བླང་པ་	NO_POS
འི་	གི་	PART
ཚུལ་	ཚུལ་	NOUN
མདོ་	མདོ་	NOUN
ར་	ལ་	PART
བསྟན་པ་	བསྟན་པ་	VERB
འོ་	གོ་	PART
། །		PUNCT
རྒྱས་བཤད་	རྒྱས་བཤད་	NOUN
ནི་	ནི་	NO_POS
དམན་པ་	དམན་པ་	VERB
འི་	གི་	PART
གནས་	གནས་	NOUN
ནི་	ནི་	NO_POS
བེམ་པོ་	བེམ་པོ་	NOUN
འོ་	གོ་	PART
རྫ་	རྫ་	NOUN
དང་	དང་	NO_POS
སྲོག་ཆགས་	སྲོག་ཆགས་	NOUN
ཤིན་ཏུ་	ཤིན་ཏུ་	NO_POS
ཕྲ་བ་	ཕྲ་བ་	VERB
འི་	གི་	PART
དོན་	དོན་	NOUN
ཆུང་བ་	ཆུང་བ་	VERB
འོ་	གོ་	PART
། །		PUNCT
མཆོག་	མཆོག་	ADJ
ནི་	ནི་	NO_POS
དངོས་པོ་	དངོས་པོ་	NOUN
ཆེན་པོ་	ཆེན་པོ་	ADJ
ར་	ལ་	PART
བརྗོད་པ་	བརྗོད་པ་	VERB
ར་	ལ་	PART
བྱ་	བྱ་	VERB
འོ་	གོ་	PART
། །		PUNCT
དབུ་མ་	དབུ་མ་	PROPN
ནི་	ནི་	NO_POS
ཆེ་ཆུང་	ཆེ་ཆུང་	ADJ
གཉིས་	གཉིས་	NUM
ཀྱིས་	གིས་	PART
སྤངས་པ་	སྤངས་པ་	VERB
ས་	གིས་	PART
འབྲིང་པོ་	འབྲིང་པོ་	ADJ
ཉིད་	ཉིད་	DET
དོ་	གོ་	PART
། །		PUNCT
གཞན་	གཞན་	DET
རྣམས་	རྣམས་	DET
ཞེ་	ཅེས་	PART
བྱ་བ་	བྱ་བ་	VERB
ནི་	ནི་	NO_POS
ཡུལ་ཅན་	ཡུལ་ཅན་	NOUN
དབང་པོ་	དབང་པོ་	NOUN
དྲུག་	དྲུག་	NUM
གོ་	གོ་	VERB
།		PUNCT
གང་	གང་	NO_POS
རྣམས་	རྣམས་	DET
འདི་	འདི་	DET
རྣམས་	རྣམས་	DET
ནི་	ནི་	NO_POS
རིམ་པ་	རིམ་པ་	NOUN
བཞིན་	བཞིན་	NOUN
བརྟན་པ་	བརྟན་པ་	VERB
དང་	དང་	NO_POS
གཡོ་བ་	གཡོ་བ་	VERB
འོ་	གོ་	PART
། །		PUNCT
འདི་	འདི་	DET
ཀུན་	ཀུན་	DET
ཞེ་	ཅེས་	PART
བྱ་བ་	བྱ་བ་	VERB
ནི་	ནི་	NO_POS
ཆོ་	ཆོ་	NOUN
ཐམས་ཅད་	ཐམས་ཅད་	DET
བདག་མེད་པ་	བདག་མེད་པ་	ADJ
ས་	གིས་	PART
ང་ཉིད་	ང་ཉིད་	NO_POS
མེད་པ་	མེད་པ་	VERB
འོ་	གོ་	PART
། །		PUNCT
མཉམ་ཉིད་	མཉམ་ཉིད་	NOUN
ནི་	ནི་	NO_POS
རང་བཞིན་	རང་བཞིན་	NOUN
མེད་པ་	མེད་པ་	VERB
ར་	ལ་	PART
མཚུངས་པ་	མཚུངས་པ་	VERB
ར་	ལ་	PART
འདོད་པ་	འདོད་པ་	VERB
ཉིད་	ཉིད་	DET
དོ་	གོ་	PART
། །		PUNCT
དེ་ལྟ་	དེ་ལྟ་	NO_POS
ཉམས་	ཉམས་	NOUN
སུ་	སུ་	ADP
མྱོང་བ་	མྱོང་བ་	VERB
ས་	གིས་	PART
རོ་	རོ་	NOUN
མཉམ་པ་	མཉམ་པ་	VERB
ཡིན་	ཡིན་	NO_POS
ལ་	ལ་	ADP
དེ་ཉིད་	དེ་ཉིད་	NOUN
བསྒོམས་པ་	བསྒོམས་པ་	VERB
ཡི་	གིས་	PART
ཐོབ་པ་	ཐོབ་པ་	VERB
འི་	གི་	PART
ལྷན་སྐྱེས་	ལྷན་སྐྱེས་	ADJ
ཀྱི་	གི་	PART
ངོ་བོ་	ངོ་བོ་	NOUN
ར་	ལ་	PART
།		PUNCT
ཆོ་	ཆོ་	NOUN
ཐམས་ཅད་	ཐམས་ཅད་	DET
མཉམ་པ་	མཉམ་པ་	VERB
ཞེ་	ཅེས་	PART
བྱ་བ་	བྱ་བ་	VERB
ར་	ལ་	PART
མཚུངས་པ་	མཚུངས་པ་	VERB
ར་	ལ་	PART
བརྗོད་	བརྗོད་	VERB
དོ་	གོ་	PART
། །		PUNCT
ཡེ་ཤེས་	ཡེ་ཤེས་	NOUN
ནི་	ནི་	NO_POS
རྣམ་རྟོག་	རྣམ་རྟོག་	NOUN
གཅོད་པ་	གཅོད་པ་	VERB
ས་	གིས་	PART
དེ་	དེ་	DET
ཡི་	ཡི་	ADP
འཁོར་ལོ་	འཁོར་ལོ་	NOUN
ཞེ་	ཅེས་	PART
བརྗོད་	བརྗོད་	VERB
ཅིང་	ཅིང་	PART
དེ་ཉིད་	དེ་ཉིད་	NOUN
ཉམས་	ཉམས་	NOUN
སུ་	སུ་	ADP
མྱོང་བ་	མྱོང་བ་	VERB
ས་	གིས་	PART
རོ་	རོ་	NOUN
ཞེ་	ཅེས་	PART
བརྗོད་	བརྗོད་	VERB
དོ་	གོ་	PART
། །		PUNCT
བསྒོམ་པ་	བསྒོམ་པ་	VERB
ནི་	ནི་	NO_POS
རོ་	རོ་	NOUN
གཅིག་པ་	གཅིག་པ་	ADJ
འི་	གི་	PART
ངོ་བོ་	ངོ་བོ་	NOUN
ར་	ལ་	PART
མཉམ་པ་ཉིད་	མཉམ་པ་ཉིད་	NOUN
དོ་	གོ་	PART
།།		PUNCT
ལྷན་ཅིག་	ལྷན་ཅིག་	OTHER
སྐྱེས་པ་	སྐྱེས་པ་	VERB
འདི་	འདི་	DET
ས་	གིས་	PART
ནི་	ནི་	NO_POS
ཆོས་ཉིད་	ཆོས་ཉིད་	NOUN
དོན་	དོན་	NOUN
གྱིས་	གིས་	PART
རྟོགས་པ་	རྟོགས་པ་	VERB
ར་	ལ་	PART
བརྗོད་པ་	བརྗོད་པ་	VERB
ར་	ལ་	PART
བྱ་	བྱ་	VERB
འོ་	གོ་	PART
། །		PUNCT
ཆོས་སྐུ་	ཆོས་སྐུ་	NOUN
སྤྲོས་བྲལ་	སྤྲོས་བྲལ་	ADJ
གྱི་	གི་	PART
ཡེ་ཤེས་	ཡེ་ཤེས་	NOUN
ང་	ང་	PRON
ལ་	ལ་	ADP
ས་	གིས་	PART
འགྲོ་བ་	འགྲོ་བ་	VERB
སེམས་ཅན་	སེམས་ཅན་	NOUN
ཐམས་ཅད་	ཐམས་ཅད་	DET
ཀྱང་	ཀྱང་	PART
བྱུང་	བྱུང་	VERB
ཞིང་	ཞིང་	SCONJ
།		PUNCT
ང་	ང་	PRON
ལ་	ལ་	ADP
ས་	གིས་	PART
ས་འོག་	ས་འོག་	OTHER
ས་སྟེང་	ས་སྟེང་	NOUN
ས་བླ་	ས་བླ་	NOUN
འི་	གི་	PART
གནས་	གནས་	NOUN
གསུམ་པོ་	གསུམ་པོ་	NUM
ཡང་	ཀྱང་	PART
བྱུང་	བྱུང་	VERB
།		PUNCT
ལ་	ལ་	ADP
སྤྲོས་བྲལ་	སྤྲོས་བྲལ་	ADJ
གྱི་	གི་	PART
ཡེ་ཤེས་	ཡེ་ཤེས་	NOUN
། །		PUNCT
ང་	ང་	PRON
ཡི་	གིས་	PART
འཁོར་འདས་	འཁོར་འདས་	NOUN
འདི་	འདི་	DET
ཀུན་	ཀུན་	DET
ལ་	ལ་	ADP
ཁྱབ་པ་	ཁྱབ་པ་	VERB
སྟེ་	སྟེ་	PART
།		PUNCT
ཆོས་སྐུ་	ཆོས་སྐུ་	NOUN
ལ་	ལ་	ADP
ས་	གིས་	PART
གཞན་པ་	གཞན་པ་	DET
འི་	གི་	PART
འགྲོ་བ་	འགྲོ་བ་	VERB
འི་	གི་	PART
རང་བཞིན་	རང་བཞིན་	NOUN
གཞན་	གཞན་	DET
འག་	འགའ་	DET
འང་	ཀྱང་	PART
མ་	མ་	PART
མཐོང་	མཐོང་	VERB
ངོ་	ངོ་	PART
། །		PUNCT
ལྷན་ཅིག་	ལྷན་ཅིག་	OTHER
སྐྱེས་པ་	སྐྱེས་པ་	VERB
འི་	གི་	PART
ཡེ་ཤེས་	ཡེ་ཤེས་	NOUN
དེ་དེ་	དེ་དེ་	NO_POS
ལྟ་	ལྟ་	OTHER
རྣལ་འབྱོར་པ་	རྣལ་འབྱོར་པ་	NOUN
ས་	གིས་	PART
ཤེ་	ཤེ་	VERB
ན་	ནས་	PART
།		PUNCT
ཤེས་པ་	ཤེས་པ་	VERB
བཞིན་	བཞིན་	NOUN
ཤིན་ཏུ་	ཤིན་ཏུ་	NO_POS
མཉམ་པ་	མཉམ་པ་	VERB
ར་	ལ་	PART
གཞག་པ་	གཞག་པ་	VERB
འི་	གི་	PART
རྣལ་འབྱོར་	རྣལ་འབྱོར་	NOUN
གང་	གང་	NO_POS
གོམས་པ་	གོམས་པ་	VERB
ར་	ལ་	PART
གྱུར་	གྱུར་	VERB
ན་	ན་	ADP
།		PUNCT
བསོད་ནམས་	བསོད་ནམས་	NOUN
ཆུང་བ་	ཆུང་བ་	VERB
འི་	གི་	PART
མི་	མི་	PART
ཡི་	གིས་	PART
ཀྱང་	ཀྱང་	PART
།		PUNCT
རྣམ་གྲོལ་	རྣམ་གྲོལ་	NOUN
གྱི་	གི་	PART
ཡེ་ཤེས་	ཡེ་ཤེས་	NOUN
དེ་	དེ་	DET
ནི་	ནི་	NO_POS
འགྲུབ་པ་	འགྲུབ་པ་	VERB
ར་	ལ་	PART
ཐེ་ཚོམ་	ཐེ་ཚོམ་	NOUN
མེད་	མེད་	VERB
དོ་	གོ་	PART
།		PUNCT
ཁ་ཟས་	ཁ་ཟས་	NOUN
བཟའ་བ་	བཟའ་བ་	VERB
དང་	དང་	NO_POS
བཏུང་བ་	བཏུང་བ་	VERB
འཐུང་བ་	འཐུང་བ་	VERB
དང་	དང་	NO_POS
བླུགས་	བླུགས་	VERB
ན་	ནས་	PART
འཁྲུད་པ་	འཁྲུད་པ་	VERB
དང་	དང་	NO_POS
།		PUNCT
ཉལ་བ་	ཉལ་བ་	VERB
དང་	དང་	NO_POS
གཉིད་ལོག་པ་	གཉིད་ལོག་པ་	NO_POS
དང་	དང་	NO_POS
བསམ་མནོ་	བསམ་མནོ་	NOUN
སེམས་པ་	སེམས་པ་	VERB
ན་	ན་	ADP
།		PUNCT
ཕྱག་རྒྱ་	ཕྱག་རྒྱ་	NOUN
ཆེན་པོ་	ཆེན་པོ་	ADJ
མངོན་དུ་	མངོན་དུ་	NO_POS
ཐོབ་པ་	ཐོབ་པ་	VERB
ར་	ལ་	PART
འདོད་པ་	འདོད་པ་	VERB
དེ་	དེ་	DET
ལ་	ལ་	ADP
།		PUNCT
དེ་ནས་	དེ་ནས་	NO_POS
མྱུར་	མྱུར་	VERB
དུ་	ལ་	PART
མངོན་དུ་	མངོན་དུ་	NO_POS
ཐོབ་པ་	ཐོབ་པ་	VERB
ར་	ལ་	PART
འགྲོ་བ་	འགྲོ་བ་	VERB
ར་	ལ་	PART
འགྱུར་	འགྱུར་	VERB
རོ་	རོ་	NOUN
།། ༈		PUNCT
གང་	གང་	NO_POS
གི་	གི་	PART
ཕྱི་	ཕྱི་	OTHER
ཡིད་	ཡིད་	NOUN
ཀྱིས་	གིས་	PART
ཕྱི་	ཕྱི་	NOUN
ནང་	ནང་	NOUN
གི་	གི་	PART
དངོས་པོ་	དངོས་པོ་	NOUN
ལ་	ལ་	ADP
མཚན་མ་	མཚན་མ་	NOUN
ར་	ལ་	PART
མི་	མི་	PART
འཛིན་པ་	འཛིན་པ་	VERB
ས་	གིས་	PART
མི་	མི་	PART
བསྒོམ་པ་	བསྒོམ་པ་	VERB
ར་	ལ་	PART
།		PUNCT
འགྲོ་བ་	འགྲོ་བ་	VERB
དང་	དང་	NO_POS
ཆོ་	ཆོ་	NOUN
ཐམས་ཅད་	ཐམས་ཅད་	DET
བསྒོམ་པ་	བསྒོམ་པ་	VERB
ར་	ལ་	PART
བྱ་	བྱ་	VERB
སྟེ་	སྟེ་	PART
།		PUNCT
ཐམས་ཅད་	ཐམས་ཅད་	DET
ཀྱི་	གི་	PART
ཆོ་	ཆོ་	NOUN
ཀྱི་	གི་	PART
ཚུལ་	ཚུལ་	NOUN
ནི་	ནི་	NO_POS
ཡོངས་སུ་	ཡོངས་སུ་	NO_POS
ཤེ་	ཤེ་	VERB
ན་	ན་	ADP
།		PUNCT
མ་	མ་	PART
རྟོགས་པ་	རྟོགས་པ་	VERB
འི་	གི་	PART
ཚེ་	ཚེ་	NOUN
བསྒོམ་པ་	བསྒོམ་པ་	VERB
ཉིད་	ཉིད་	DET
ནི་	ནི་	NO_POS
རྟོགས་པ་	རྟོགས་པ་	VERB
འི་	གི་	PART
ཚེ་	ཚེ་	NOUN
བསྒོམ་པ་	བསྒོམ་པ་	VERB
མིན་	མིན་	AUX
ཏེ་	སྟེ་	PART
བསྒོམ་	བསྒོམ་	VERB
བྱ་	བྱ་	VERB
མེད་པ་	མེད་པ་	VERB
འི་	གི་	PART
ཕྱི་	ཕྱི་	OTHER
རོ་	རོ་	NOUN
།། ༈		PUNCT
བརྟན་པ་	བརྟན་པ་	VERB
སྣོད་	སྣོད་	NOUN
དང་	དང་	NO_POS
གཡོ་བ་	གཡོ་བ་	VERB
འི་	གི་	PART
བཅུད་	བཅུད་	NOUN
ཀྱི་	གི་	PART
དངོས་པོ་	དངོས་པོ་	NOUN
གང་ཞིག་	གང་ཞིག་	NO_POS
སྟེ་	སྟེ་	PART
ཕྲ་བ་	ཕྲ་བ་	VERB
།		PUNCT
རྩྭ་	རྩྭ་	NOUN
དང་	དང་	NO_POS
ལྕུག་མ་	ལྕུག་མ་	NO_POS
དང་	དང་	NO_POS
འཁྲི་ཤིང་	འཁྲི་ཤིང་	OTHER
ལ་སོགས་པ་	ལ་སོགས་པ་	NO_POS
འི་	གི་	PART
ཕྱི་	ཕྱི་	NOUN
ནང་	ནང་	NOUN
གི་	གི་	PART
དངོས་པོ་	དངོས་པོ་	NOUN
ཀུན་	ཀུན་	DET
།		PUNCT
བདག་	བདག་	PRON
གི་	གི་	PART
དངོས་པོ་	དངོས་པོ་	NOUN
ལྷན་ཅིག་	ལྷན་ཅིག་	OTHER
སྐྱེས་པ་	སྐྱེས་པ་	VERB
འི་	གི་	PART
ཡེ་ཤེས་	ཡེ་ཤེས་	NOUN
ཀྱི་	གི་	PART
ངོ་བོ་	ངོ་བོ་	NOUN
འི་	གི་	PART
རང་བཞིན་	རང་བཞིན་	NOUN
ལ་	ལ་	ADP
ས་	གིས་	PART
གཞན་མ་	གཞན་མ་	PRON
ཡིན་པ་	ཡིན་པ་	AUX
ར་	ལ་	PART
དམ་པ་	དམ་པ་	VERB
འི་	གི་	PART
དེ་ཉིད་	དེ་ཉིད་	NOUN
ངེས་པ་		
བསྒོམ་པ་	བསྒོམ་པ་	VERB
ར་	ལ་	PART
བྱ་	བྱ་	VERB
འོ་	གོ་	PART
། ༈ །		PUNCT
དེ་	དེ་	DET
ལ་	ལ་	ADP
རྩོད་པ་	རྩོད་པ་	VERB
སྤང་བ་	སྤང་བ་	VERB
ནི་	ནི་	NO_POS
།		PUNCT
ལྷན་སྐྱེས་	ལྷན་སྐྱེས་	ADJ
ཀྱི་	གི་	PART
ཡེ་ཤེས་	ཡེ་ཤེས་	NOUN
དེ་	དེ་	DET
ས་	གིས་	PART
སེམས་	སེམས་	NOUN
ཅད་		NON_WORD
ལ་	ལ་	ADP
ཁྱབ་	ཁྱབ་	VERB
ན་	ན་	ADP
།		PUNCT
སེམས་	སེམས་	NOUN
ཅད་		NON_WORD
ཐམས་ཅད་	ཐམས་ཅད་	DET
འབད་པ་	འབད་པ་	VERB
མེད་པ་	མེད་པ་	VERB
ར་	ལ་	PART
གྲོལ་བ་	གྲོལ་བ་	VERB
ར་	ལ་	PART
འགྱུར་	འགྱུར་	VERB
རོ་	རོ་	NOUN
ཞེ་ན་	ཅེ་ན་	PART
།		PUNCT
སེམས་ཅན་	སེམས་ཅན་	NOUN
དེ་	དེ་	DET
རྣམས་	རྣམས་	DET
ཀྱི་	གི་	PART
ནང་སེམས་	ནང་སེམས་	OTHER
རྟོགས་པ་	རྟོགས་པ་	VERB
འི་	གི་	PART
དམ་པ་	དམ་པ་	VERB
གཅིག་	གཅིག་	NUM
ཀྱང་	ཀྱང་	PART
ཡོད་པ་	ཡོད་པ་	VERB
མིན་པ་	མིན་པ་	VERB
ས་	གིས་	PART
མ་	མ་	PART
གྲོལ་	གྲོལ་	VERB
ལོ་	ལོ་	NOUN
། །		PUNCT
འོ་ན་	འོ་ན་	NO_POS
གང་	གང་	NO_POS
གིས་	གིས་	PART
གྲོལ་	གྲོལ་	VERB
ན་	ན་	ADP
སེམས་	སེམས་	NOUN
ལ་	ལ་	ADP
གནས་པ་	གནས་པ་	VERB
འི་	གི་	PART
རང་རིག་	རང་རིག་	NO_POS
བདེ་བ་	བདེ་བ་	VERB
ཆེན་	ཆེན་	NO_POS
དཀར་པོ་	དཀར་པོ་	ADJ
རྣམ་	རྣམ་	NOUN
གསུམ་	གསུམ་	NUM
དང་	དང་	NO_POS
འཕགས་པ་	འཕགས་པ་	VERB
འི་	གི་	PART
གསུང་རབ་	གསུང་རབ་	NOUN
ཁ་སྐོང་	ཁ་སྐོང་	NOUN
པོད་	པོད་	NOUN
གཉིས་པ་	གཉིས་པ་	NUM
།		PUNCT
མེས་པོ་	མེས་པོ་	NOUN
འི་	གི་	PART
ཞུལ་	ཞུལ་	NO_POS
བཞག་	བཞག་	VERB
ལ་	ལ་	ADP
ས་	གིས་	PART
།		PUNCT
ས་སྐྱ་	ས་སྐྱ་	PROPN
བཀའ་འབུམ་	བཀའ་འབུམ་	NOUN
།		PUNCT
		
